15 0.156481 0.154514 0.077778 0.046528
15 0.252315 0.146528 0.104630 0.081944
15 0.381944 0.119097 0.121296 0.085417
15 0.674074 0.161458 0.092593 0.074306
15 0.918056 0.149653 0.108333 0.070139
15 0.635185 0.275347 0.103704 0.077083
15 0.487500 0.235417 0.160185 0.087500
15 0.257870 0.248264 0.121296 0.071528
15 0.147685 0.252778 0.091667 0.070833
15 0.051389 0.278472 0.100926 0.105556
15 0.154167 0.346875 0.125000 0.063194
15 0.256944 0.352778 0.095370 0.086111
15 0.408333 0.358333 0.088889 0.069444
15 0.542593 0.336458 0.107407 0.085417
15 0.576852 0.442361 0.133333 0.072222
15 0.408796 0.442014 0.112037 0.071528
15 0.311111 0.443403 0.088889 0.063194
15 0.163426 0.453819 0.119444 0.078472
15 0.744907 0.479861 0.150926 0.075000
15 0.664352 0.557292 0.112037 0.075694
15 0.520370 0.544097 0.114815 0.064583
15 0.391667 0.558681 0.064815 0.050694
15 0.225463 0.552083 0.136111 0.109722
15 0.098148 0.532639 0.103704 0.061111
15 0.036111 0.435764 0.070370 0.064583
15 0.919444 0.482639 0.161111 0.079167
15 0.850463 0.296875 0.297222 0.310417
15 0.831944 0.574653 0.115741 0.085417
15 0.928704 0.681597 0.101852 0.067361
15 0.754167 0.670139 0.100926 0.080556
15 0.560648 0.670833 0.121296 0.069444
15 0.409259 0.662847 0.096296 0.079861
15 0.280093 0.703472 0.106481 0.059722
15 0.140278 0.635069 0.112037 0.079861
15 0.039352 0.645833 0.076852 0.091667
15 0.109722 0.740972 0.104630 0.051389
15 0.214352 0.810764 0.108333 0.088194
15 0.369907 0.799306 0.087963 0.063889
15 0.483796 0.768403 0.100926 0.070139
15 0.643056 0.775347 0.089815 0.082639
15 0.833796 0.772569 0.143519 0.053472
15 0.960648 0.756944 0.078704 0.037500
15 0.066667 0.865972 0.090741 0.051389
15 0.167130 0.895486 0.082407 0.042361
15 0.106019 0.959028 0.078704 0.075000
15 0.265278 0.932639 0.080556 0.079167
15 0.358796 0.953125 0.069444 0.035417
15 0.444444 0.882639 0.105556 0.076389
15 0.553704 0.885764 0.083333 0.061806
15 0.716667 0.905556 0.155556 0.101389
15 0.881019 0.896528 0.100926 0.065278
15 0.473148 0.986458 0.101852 0.027083
15 0.636574 0.987153 0.071296 0.025694
15 0.801389 0.985417 0.158333 0.029167
15 0.012500 0.901389 0.023148 0.056944
