15 0.269444 0.117708 0.137037 0.106250
15 0.403704 0.088194 0.107407 0.062500
15 0.571296 0.085417 0.081481 0.055556
15 0.248611 0.203472 0.119444 0.059722
15 0.400926 0.219444 0.105556 0.066667
15 0.781944 0.153472 0.084259 0.061111
15 0.970370 0.093056 0.059259 0.052778
15 0.846759 0.210764 0.078704 0.046528
15 0.977315 0.219444 0.045370 0.072222
15 0.760185 0.273611 0.085185 0.062500
15 0.837037 0.321181 0.100000 0.059028
15 0.693056 0.329861 0.100926 0.056944
15 0.550926 0.330903 0.114815 0.078472
15 0.407870 0.323958 0.071296 0.050694
15 0.579167 0.200000 0.308333 0.152778
15 0.065741 0.296528 0.129630 0.068056
15 0.177315 0.280556 0.110185 0.054167
15 0.273611 0.330903 0.162037 0.079861
15 0.987500 0.287847 0.025000 0.054861
15 0.968981 0.357292 0.062037 0.046528
15 0.117593 0.394444 0.068519 0.033333
15 0.275000 0.401736 0.096296 0.042361
15 0.422222 0.405903 0.072222 0.032639
15 0.569907 0.415278 0.052778 0.040278
15 0.687963 0.415972 0.098148 0.040278
15 0.786111 0.429514 0.038889 0.029861
15 0.916204 0.426736 0.093519 0.029861
15 0.038889 0.424653 0.075926 0.042361
15 0.027778 0.450000 0.053704 0.022222
15 0.117130 0.446528 0.108333 0.059722
15 0.228241 0.432986 0.062037 0.038194
15 0.181944 0.464236 0.062037 0.025694
15 0.298611 0.467014 0.080556 0.034028
15 0.353241 0.445139 0.104630 0.030556
15 0.432870 0.464583 0.056481 0.029167
15 0.488889 0.438889 0.072222 0.038889
15 0.568519 0.461111 0.068519 0.043056
15 0.620370 0.440625 0.074074 0.031250
15 0.681944 0.460764 0.063889 0.020139
15 0.662037 0.485764 0.070370 0.034028
15 0.758333 0.474306 0.057407 0.034722
15 0.833333 0.453819 0.061111 0.028472
15 0.875463 0.479861 0.060185 0.044444
15 0.962037 0.464583 0.075926 0.031944
15 0.925000 0.495139 0.061111 0.031944
15 0.803704 0.493403 0.061111 0.045139
15 0.741204 0.509028 0.071296 0.029167
15 0.787500 0.526736 0.062037 0.027083
15 0.886574 0.529514 0.100926 0.032639
15 0.724074 0.537847 0.081481 0.022917
15 0.968056 0.514931 0.063889 0.020139
15 0.640278 0.528819 0.062037 0.032639
15 0.585185 0.536458 0.064815 0.028472
15 0.562963 0.506250 0.057407 0.022222
15 0.505556 0.486458 0.048148 0.050694
15 0.459259 0.514583 0.092593 0.026389
15 0.417593 0.538194 0.074074 0.025000
15 0.391204 0.485764 0.056481 0.027083
15 0.343519 0.505903 0.059259 0.022917
15 0.276852 0.492014 0.079630 0.045139
15 0.312037 0.532292 0.085185 0.034028
15 0.229630 0.534375 0.044444 0.021528
15 0.237963 0.509028 0.070370 0.022222
15 0.176389 0.487153 0.080556 0.029861
15 0.143056 0.528125 0.078704 0.021528
15 0.133333 0.509722 0.062963 0.025000
15 0.072222 0.505208 0.051852 0.027083
15 0.039815 0.479167 0.057407 0.029167
15 0.050463 0.518750 0.058333 0.030556
15 0.018981 0.553472 0.036111 0.025000
15 0.112037 0.551389 0.053704 0.031944
15 0.154167 0.585764 0.047222 0.036806
15 0.101389 0.624306 0.043519 0.037500
15 0.064352 0.600347 0.056481 0.082639
15 0.024074 0.624306 0.046296 0.051389
15 0.246296 0.592708 0.135185 0.078472
15 0.323611 0.572222 0.049074 0.029167
15 0.400463 0.571528 0.071296 0.034722
15 0.483796 0.570486 0.058333 0.032639
15 0.573611 0.591319 0.126852 0.072917
15 0.649537 0.588889 0.043519 0.036111
15 0.756019 0.596528 0.076852 0.045833
15 0.820370 0.618056 0.074074 0.033333
15 0.895370 0.589931 0.075926 0.068750
15 0.956944 0.638889 0.086111 0.041667
15 0.904630 0.671528 0.050000 0.029167
15 0.915278 0.706597 0.050926 0.045139
15 0.967130 0.709028 0.065741 0.034722
15 0.620833 0.637500 0.112037 0.036111
15 0.743056 0.663542 0.069444 0.042361
15 0.795370 0.663194 0.042593 0.037500
15 0.841204 0.695139 0.054630 0.041667
15 0.868519 0.730903 0.061111 0.040972
15 0.750926 0.720833 0.053704 0.038889
15 0.807407 0.746181 0.048148 0.032639
15 0.957407 0.758681 0.061111 0.038194
15 0.649074 0.714931 0.079630 0.043750
15 0.567593 0.690972 0.062963 0.045833
15 0.478241 0.690625 0.069444 0.047917
15 0.451852 0.629167 0.066667 0.055556
15 0.357870 0.626736 0.080556 0.054861
15 0.394444 0.691319 0.046296 0.035417
15 0.318519 0.688889 0.055556 0.047222
15 0.244444 0.698264 0.092593 0.060417
15 0.246759 0.744097 0.058333 0.036806
15 0.180093 0.669097 0.076852 0.056250
15 0.092130 0.663194 0.069444 0.054167
15 0.032407 0.688194 0.062963 0.086111
15 0.087963 0.725694 0.083333 0.059722
15 0.179167 0.771875 0.089815 0.038194
15 0.026389 0.747917 0.039815 0.031944
15 0.323611 0.753125 0.080556 0.049306
15 0.392593 0.743403 0.068519 0.040972
15 0.468519 0.753819 0.066667 0.039583
15 0.542130 0.742014 0.078704 0.038194
15 0.612500 0.777083 0.050926 0.023611
15 0.698148 0.773958 0.118519 0.061806
15 0.071759 0.797569 0.050926 0.042361
15 0.046759 0.832639 0.067593 0.034722
15 0.036111 0.891319 0.046296 0.031250
15 0.068981 0.931250 0.049074 0.038889
15 0.115741 0.861806 0.064815 0.025000
15 0.137037 0.821875 0.053704 0.040972
15 0.195833 0.836458 0.041667 0.021528
15 0.276389 0.814236 0.041667 0.028472
15 0.360648 0.821528 0.075000 0.034722
15 0.432407 0.793750 0.061111 0.031944
15 0.512500 0.813889 0.052778 0.025000
15 0.586111 0.825347 0.044444 0.025694
15 0.641204 0.838194 0.056481 0.030556
15 0.743056 0.842708 0.043519 0.028472
15 0.796296 0.799653 0.048148 0.031250
15 0.862500 0.804167 0.047222 0.038889
15 0.907870 0.833333 0.045370 0.036111
15 0.975000 0.819097 0.050000 0.025694
15 0.973611 0.872917 0.039815 0.026389
15 0.829630 0.846528 0.035185 0.034722
15 0.121759 0.901042 0.056481 0.025694
15 0.187037 0.872569 0.044444 0.021528
15 0.254167 0.862153 0.052778 0.032639
15 0.306481 0.881250 0.042593 0.029167
15 0.363889 0.875000 0.050000 0.025000
15 0.459722 0.850694 0.047222 0.027778
15 0.546759 0.865278 0.054630 0.034722
15 0.602315 0.909375 0.050926 0.039583
15 0.524074 0.910069 0.051852 0.034028
15 0.458333 0.908333 0.051852 0.025000
15 0.054630 0.959722 0.051852 0.022222
15 0.098148 0.978472 0.048148 0.023611
15 0.131481 0.945139 0.057407 0.037500
15 0.187037 0.919097 0.022222 0.017361
15 0.195370 0.954861 0.048148 0.029167
15 0.177778 0.988889 0.033333 0.022222
15 0.304167 0.938542 0.062037 0.032639
15 0.266204 0.969444 0.023148 0.019444
15 0.326389 0.973958 0.026852 0.022917
15 0.379167 0.943403 0.030556 0.029861
15 0.400926 0.981597 0.042593 0.031250
15 0.457407 0.973611 0.044444 0.022222
15 0.470833 0.945833 0.052778 0.033333
15 0.534722 0.948958 0.039815 0.028472
15 0.557407 0.990972 0.024074 0.018056
15 0.634259 0.969792 0.037037 0.021528
15 0.729630 0.885417 0.055556 0.026389
15 0.754167 0.921875 0.067593 0.036806
15 0.820833 0.899306 0.062037 0.023611
15 0.915741 0.899653 0.046296 0.036806
15 0.858333 0.932292 0.044444 0.028472
15 0.888889 0.960417 0.044444 0.026389
15 0.965278 0.955903 0.037963 0.032639
15 0.719444 0.950347 0.050000 0.018750
15 0.746759 0.992361 0.030556 0.015278
15 0.818519 0.992361 0.055556 0.015278
15 0.887500 0.992014 0.054630 0.015972
15 0.961111 0.991319 0.037037 0.017361
