15 0.137500 0.146528 0.173148 0.102778
15 0.302778 0.225000 0.103704 0.083333
15 0.589352 0.115972 0.160185 0.070833
15 0.806019 0.111806 0.121296 0.077778
15 0.698611 0.204167 0.176852 0.100000
15 0.589815 0.273958 0.107407 0.072917
15 0.396296 0.353125 0.150000 0.097917
15 0.101852 0.296181 0.114815 0.096528
15 0.092130 0.439583 0.086111 0.068056
15 0.267593 0.436111 0.124074 0.091667
15 0.562037 0.421528 0.155556 0.079167
15 0.743056 0.418056 0.075000 0.061111
15 0.858796 0.293056 0.282407 0.386111
15 0.175463 0.563889 0.175000 0.084722
15 0.398611 0.567014 0.154630 0.081250
15 0.567130 0.604167 0.149074 0.063889
15 0.743981 0.603819 0.139815 0.085417
15 0.955093 0.596875 0.089815 0.117361
15 0.880093 0.681250 0.102778 0.073611
15 0.662963 0.693750 0.146296 0.091667
15 0.279167 0.656597 0.136111 0.113194
15 0.237963 0.770486 0.124074 0.107639
15 0.093981 0.787153 0.106481 0.132639
15 0.088889 0.970486 0.111111 0.059028
15 0.254630 0.938542 0.112963 0.092361
15 0.398611 0.881250 0.108333 0.106944
15 0.661574 0.878125 0.095370 0.043750
15 0.871759 0.830208 0.108333 0.067361
15 0.714352 0.958681 0.095370 0.053472
15 0.555556 0.955903 0.100000 0.088194
15 0.404630 0.979861 0.129630 0.040278
