0 0.266204 0.327778 0.095370 0.077778
0 0.452778 0.504514 0.072222 0.043750
0 0.342130 0.503125 0.052778 0.040972
0 0.142593 0.449653 0.081481 0.053472
0 0.339352 0.397917 0.084259 0.037500
0 0.448611 0.357639 0.095370 0.062500
0 0.187037 0.385417 0.094444 0.040278
0 0.495833 0.412153 0.069444 0.042361
0 0.609259 0.412153 0.064815 0.043750
0 0.706019 0.402778 0.073148 0.050000
0 0.638426 0.318403 0.130556 0.054861
0 0.731944 0.313889 0.060185 0.059722
0 0.828241 0.409375 0.067593 0.029861
0 0.932407 0.392014 0.066667 0.050694
0 0.752778 0.487153 0.029630 0.035417
0 0.643981 0.476042 0.050926 0.040972
0 0.543056 0.484028 0.041667 0.036111
0 0.883796 0.482639 0.049074 0.040278
0 0.502778 0.569792 0.048148 0.032639
0 0.341204 0.579514 0.047222 0.028472
0 0.726389 0.577778 0.062037 0.026389
0 0.819444 0.582639 0.038889 0.026389
0 0.911574 0.586806 0.065741 0.037500
0 0.258796 0.445139 0.049074 0.034722
0 0.241667 0.591667 0.037037 0.026389
0 0.229167 0.523264 0.080556 0.039583
0 0.127315 0.556250 0.037963 0.040278
0 0.484259 0.704514 0.072222 0.025694
0 0.571759 0.709028 0.060185 0.048611
0 0.531944 0.659375 0.060185 0.020139
0 0.643519 0.669792 0.061111 0.031250
0 0.554630 0.613542 0.038889 0.020139
0 0.614815 0.755556 0.074074 0.019444
0 0.711111 0.780903 0.055556 0.022917
0 0.764815 0.741667 0.027778 0.029167
0 0.751389 0.680556 0.043519 0.022222
0 0.447685 0.805903 0.060185 0.027083
0 0.529630 0.767014 0.048148 0.024306
0 0.614815 0.807639 0.040741 0.019444
0 0.768056 0.791667 0.047222 0.026389
0 0.706944 0.835764 0.039815 0.032639
0 0.643056 0.867014 0.034259 0.021528
0 0.035648 0.617014 0.041667 0.029861
0 0.228241 0.655556 0.065741 0.027778
0 0.064815 0.712153 0.074074 0.028472
0 0.168056 0.725000 0.034259 0.030556
0 0.299074 0.737153 0.059259 0.024306
0 0.345370 0.680903 0.051852 0.027083
0 0.340741 0.799653 0.046296 0.028472
0 0.202778 0.796528 0.042593 0.025000
0 0.278704 0.831250 0.029630 0.025000
0 0.218056 0.880556 0.041667 0.022222
0 0.331019 0.882292 0.062037 0.021528
0 0.459722 0.871528 0.049074 0.022222
0 0.117593 0.885417 0.046296 0.022222
0 0.048148 0.851389 0.053704 0.026389
0 0.070833 0.795139 0.030556 0.026389
0 0.101389 0.946528 0.052778 0.029167
0 0.157407 0.960764 0.025926 0.032639
0 0.255556 0.955556 0.051852 0.027778
0 0.369444 0.955903 0.057407 0.031250
0 0.449537 0.971181 0.032407 0.035417
0 0.518519 0.949653 0.027778 0.021528
0 0.671759 0.950000 0.034259 0.029167
0 0.774537 0.949653 0.045370 0.025694
0 0.768056 0.881250 0.039815 0.031944
0 0.795833 0.830903 0.047222 0.018750
0 0.533333 0.837153 0.031481 0.014583
0 0.010648 0.785764 0.019444 0.022917
0 0.145370 0.835417 0.064815 0.026389
0 0.021296 0.552778 0.040741 0.029167
0 0.066667 0.487153 0.096296 0.040972
0 0.042593 0.371528 0.051852 0.044444
0 0.010648 0.416667 0.019444 0.037500
0 0.141667 0.262500 0.074074 0.045833
0 0.105093 0.313542 0.073148 0.059028
0 0.230093 0.257639 0.037963 0.037500
0 0.319907 0.265278 0.078704 0.063889
0 0.011111 0.160764 0.020370 0.045139
0 0.085648 0.172917 0.086111 0.075000
0 0.157870 0.116667 0.078704 0.062500
0 0.288426 0.124653 0.056481 0.053472
0 0.305093 0.195139 0.067593 0.051389
0 0.440278 0.165278 0.073148 0.040278
0 0.283796 0.005903 0.052778 0.010417
0 0.412500 0.018056 0.065741 0.034722
0 0.477778 0.093056 0.092593 0.048611
0 0.556481 0.149653 0.092593 0.046528
0 0.669444 0.146875 0.079630 0.065972
0 0.527778 0.008681 0.061111 0.015972
0 0.531019 0.237500 0.076852 0.062500
0 0.550926 0.322917 0.044444 0.052778
0 0.783796 0.155903 0.082407 0.064583
0 0.900000 0.149653 0.072222 0.052083
0 0.980556 0.156250 0.037037 0.044444
0 0.879167 0.232639 0.076852 0.054167
0 0.981481 0.229167 0.035185 0.050000
0 0.837963 0.314931 0.059259 0.052083
0 0.935185 0.313542 0.079630 0.042361
0 0.962500 0.476389 0.075000 0.037500
0 0.995370 0.422917 0.007407 0.027778
0 0.726852 0.627778 0.031481 0.026389
0 0.820370 0.635764 0.048148 0.024306
0 0.902315 0.646528 0.063889 0.023611
0 0.900000 0.709028 0.031481 0.020833
0 0.839815 0.767014 0.046296 0.018750
0 0.881944 0.812153 0.032407 0.015972
0 0.961111 0.823264 0.055556 0.021528
0 0.981019 0.751042 0.036111 0.022917
0 0.862500 0.890278 0.034259 0.025000
0 0.868519 0.946181 0.022222 0.020139
0 0.948148 0.943403 0.042593 0.028472
0 0.989815 0.882292 0.020370 0.024306
0 0.178241 0.184028 0.043519 0.050000
0 0.819907 0.026736 0.089815 0.052083
0 0.918056 0.021528 0.065741 0.041667
0 0.757407 0.239931 0.079630 0.049306
0 0.991667 0.032292 0.016667 0.031250
