0 0.318056 0.977778 0.062037 0.034722
0 0.383796 0.980903 0.041667 0.024306
0 0.203704 0.880903 0.061111 0.018750
0 0.124074 0.987153 0.055556 0.025694
0 0.085185 0.887500 0.074074 0.040278
0 0.039815 0.843750 0.077778 0.037500
0 0.065741 0.727778 0.046296 0.037500
0 0.028241 0.669792 0.054630 0.057639
0 0.065741 0.609028 0.066667 0.029167
0 0.199537 0.602778 0.067593 0.038889
0 0.157407 0.663889 0.075926 0.045833
0 0.157407 0.762153 0.088889 0.045139
0 0.158333 0.830903 0.064815 0.054861
0 0.256019 0.762153 0.073148 0.040972
0 0.271759 0.824306 0.060185 0.031944
0 0.303241 0.877431 0.047222 0.022917
0 0.355556 0.812153 0.050000 0.027083
0 0.363889 0.751389 0.051852 0.023611
0 0.330556 0.708681 0.057407 0.028472
0 0.389815 0.646528 0.059259 0.036111
0 0.331944 0.602431 0.052778 0.040972
0 0.243056 0.690625 0.058333 0.029861
0 0.424074 0.812153 0.040741 0.024306
0 0.445370 0.846528 0.046296 0.022222
0 0.430556 0.759028 0.061111 0.027778
0 0.497685 0.781250 0.050926 0.022222
0 0.575926 0.815278 0.044444 0.022222
0 0.545833 0.919792 0.052778 0.036806
0 0.460185 0.937500 0.050000 0.033333
0 0.672222 0.890625 0.051852 0.027083
0 0.706019 0.821875 0.037963 0.018750
0 0.654630 0.776042 0.038889 0.018750
0 0.572222 0.752778 0.024074 0.020833
0 0.497222 0.705903 0.038889 0.027083
0 0.625463 0.709375 0.037963 0.028472
0 0.692593 0.721528 0.037037 0.027778
0 0.727778 0.662153 0.053704 0.027083
0 0.528241 0.657292 0.058333 0.021528
0 0.610185 0.643056 0.050000 0.025000
0 0.511574 0.605903 0.060185 0.029861
0 0.407407 0.594792 0.062963 0.045139
0 0.394444 0.541667 0.048148 0.026389
0 0.267130 0.538889 0.076852 0.038889
0 0.148148 0.545139 0.066667 0.041667
0 0.075926 0.477778 0.105556 0.066667
0 0.210185 0.479514 0.061111 0.047917
0 0.155556 0.404514 0.162963 0.092361
0 0.029167 0.389931 0.056481 0.079861
0 0.043056 0.252778 0.084259 0.072222
0 0.036111 0.149306 0.070370 0.077778
0 0.059259 0.077778 0.083333 0.075000
0 0.169907 0.013889 0.093519 0.026389
0 0.168056 0.176042 0.113889 0.095139
0 0.227315 0.257639 0.069444 0.051389
0 0.154167 0.318403 0.058333 0.045139
0 0.276389 0.329167 0.093519 0.037500
0 0.375000 0.269792 0.094444 0.054861
0 0.370370 0.190278 0.096296 0.073611
0 0.270833 0.192014 0.073148 0.078472
0 0.268981 0.095139 0.067593 0.068056
0 0.418056 0.087153 0.095370 0.088194
0 0.527315 0.120139 0.086111 0.063889
0 0.501852 0.222917 0.068519 0.062500
0 0.456019 0.239931 0.082407 0.060417
0 0.419907 0.332292 0.073148 0.042361
0 0.279630 0.409028 0.051852 0.030556
0 0.343056 0.481250 0.062037 0.063889
0 0.407407 0.411806 0.050000 0.051389
0 0.534259 0.319792 0.077778 0.043750
0 0.628241 0.313889 0.071296 0.050000
0 0.645370 0.376389 0.081481 0.045833
0 0.560185 0.418403 0.079630 0.034028
0 0.479167 0.436806 0.075000 0.056944
0 0.645370 0.432639 0.051852 0.037500
0 0.604167 0.485764 0.084259 0.038194
0 0.426389 0.477778 0.056481 0.029167
0 0.481019 0.502778 0.060185 0.051389
0 0.554167 0.538542 0.037963 0.034028
0 0.579167 0.579514 0.041667 0.031250
0 0.686111 0.629514 0.079630 0.031250
0 0.668056 0.562153 0.050926 0.029861
0 0.744907 0.554167 0.067593 0.034722
0 0.765741 0.599306 0.064815 0.034722
0 0.708796 0.489931 0.099074 0.038194
0 0.752778 0.437500 0.048148 0.033333
0 0.734722 0.385764 0.060185 0.036806
0 0.724537 0.342014 0.069444 0.039583
0 0.690278 0.254514 0.069444 0.056250
0 0.686574 0.192014 0.065741 0.061806
0 0.600463 0.186806 0.062037 0.075000
0 0.612037 0.038889 0.077778 0.061111
0 0.639352 0.130903 0.073148 0.067361
0 0.748611 0.113889 0.082407 0.063889
0 0.805093 0.507292 0.063889 0.031250
0 0.810648 0.462500 0.075000 0.044444
0 0.818519 0.571181 0.057407 0.028472
0 0.810648 0.409028 0.063889 0.051389
0 0.872685 0.407292 0.056481 0.031250
0 0.924537 0.417014 0.043519 0.045139
0 0.905556 0.481250 0.038889 0.025000
0 0.903241 0.615625 0.041667 0.031250
0 0.902778 0.733681 0.038889 0.022917
0 0.981019 0.696875 0.028704 0.022917
0 0.816204 0.793750 0.036111 0.040278
0 0.821296 0.884028 0.038889 0.056944
0 0.904630 0.902778 0.029630 0.022222
0 0.944444 0.951389 0.050000 0.038889
0 0.968981 0.880556 0.025000 0.026389
0 0.908333 0.813889 0.051852 0.048611
0 0.985648 0.818056 0.028704 0.022222
0 0.956944 0.644792 0.054630 0.029861
0 0.977778 0.579514 0.038889 0.029861
0 0.947222 0.532639 0.051852 0.050000
0 0.974074 0.488889 0.051852 0.062500
0 0.808333 0.343403 0.074074 0.056250
0 0.863426 0.351389 0.054630 0.043056
0 0.849074 0.195139 0.251852 0.223611
0 0.957870 0.120139 0.082407 0.076389
0 0.975926 0.324653 0.048148 0.042361
0 0.968056 0.381250 0.063889 0.041667
0 0.988426 0.363542 0.023148 0.036806
0 0.923611 0.015972 0.093519 0.030556
0 0.305556 0.021528 0.085185 0.041667
0 0.941667 0.331944 0.018519 0.020833
