0 0.438889 0.069097 0.077778 0.061806
0 0.297685 0.194097 0.093519 0.047917
0 0.442593 0.196875 0.081481 0.047917
0 0.575926 0.186111 0.087037 0.044444
0 0.502315 0.274306 0.065741 0.051389
0 0.357870 0.263542 0.112037 0.059028
0 0.275463 0.347569 0.069444 0.046528
0 0.086574 0.266667 0.089815 0.050000
0 0.141204 0.339931 0.075000 0.052083
0 0.075000 0.410417 0.096296 0.050000
0 0.272685 0.487500 0.087963 0.037500
0 0.405093 0.351389 0.095370 0.044444
0 0.549537 0.346181 0.086111 0.040972
0 0.635648 0.412847 0.080556 0.045139
0 0.476389 0.418056 0.087963 0.041667
0 0.412037 0.482292 0.094444 0.052083
0 0.353241 0.555208 0.058333 0.042361
0 0.296296 0.620139 0.053704 0.029167
0 0.234259 0.698264 0.079630 0.046528
0 0.477778 0.682986 0.035185 0.027083
0 0.481481 0.553125 0.085185 0.047917
0 0.552315 0.492708 0.071296 0.056250
0 0.611111 0.675694 0.074074 0.034722
0 0.412037 0.758333 0.035185 0.018056
0 0.173148 0.765972 0.068519 0.037500
0 0.162500 0.895833 0.076852 0.033333
0 0.033796 0.896875 0.065741 0.046528
0 0.237500 0.945139 0.041667 0.031944
0 0.353241 0.828125 0.069444 0.056250
0 0.355093 0.943056 0.058333 0.022222
0 0.481481 0.935069 0.033333 0.024306
0 0.416204 0.878125 0.037963 0.029861
0 0.485648 0.822569 0.054630 0.046528
0 0.604630 0.809722 0.046296 0.027778
0 0.600463 0.935764 0.087963 0.047917
0 0.764352 0.967361 0.069444 0.034722
0 0.749537 0.894444 0.073148 0.045833
0 0.911574 0.892014 0.037963 0.032639
0 0.727778 0.788194 0.059259 0.037500
0 0.855093 0.772222 0.037963 0.036111
0 0.831019 0.830208 0.078704 0.035417
0 0.546759 0.751042 0.041667 0.022917
0 0.956944 0.805208 0.086111 0.039583
0 0.919907 0.710417 0.058333 0.038889
0 0.775926 0.580556 0.057407 0.055556
0 0.731481 0.489236 0.062963 0.042361
0 0.849537 0.511806 0.060185 0.029167
0 0.807407 0.420833 0.077778 0.038889
0 0.725000 0.353125 0.096296 0.075694
0 0.641667 0.268750 0.090741 0.054167
0 0.855556 0.320833 0.068519 0.050000
0 0.937037 0.318403 0.100000 0.040972
0 0.656481 0.112153 0.068519 0.047917
0 0.758333 0.171875 0.109259 0.050694
0 0.875000 0.156944 0.055556 0.047222
0 0.975463 0.087153 0.049074 0.059028
0 0.969907 0.175347 0.060185 0.056250
0 0.929630 0.239931 0.040741 0.056250
0 0.974074 0.369444 0.051852 0.047222
0 0.921759 0.448958 0.076852 0.039583
0 0.974074 0.515278 0.051852 0.040278
0 0.977315 0.613542 0.034259 0.028472
0 0.851389 0.652431 0.054630 0.034028
