0 0.146296 0.940278 0.040741 0.025000
0 0.130556 0.879167 0.059259 0.031944
0 0.229167 0.805903 0.049074 0.031250
0 0.508796 0.015972 0.110185 0.030556
0 0.647685 0.023958 0.110185 0.046528
0 0.860185 0.018750 0.103704 0.036111
0 0.902315 0.081250 0.075000 0.070833
0 0.875463 0.146528 0.121296 0.069444
0 0.579630 0.177431 0.072222 0.061806
0 0.338426 0.161111 0.150926 0.073611
0 0.126852 0.168056 0.088889 0.091667
0 0.245833 0.252778 0.095370 0.075000
0 0.501852 0.264931 0.098148 0.079861
0 0.614352 0.242708 0.117593 0.072917
0 0.822685 0.225347 0.071296 0.063194
0 0.897222 0.271181 0.066667 0.036806
0 0.921296 0.242014 0.157407 0.117361
0 0.986574 0.342014 0.026852 0.038194
0 0.141667 0.335417 0.127778 0.069444
0 0.362500 0.324653 0.204630 0.136806
0 0.491667 0.340972 0.046296 0.031944
0 0.580556 0.339931 0.100000 0.075694
0 0.756944 0.319444 0.113889 0.080556
0 0.084259 0.411458 0.033333 0.028472
0 0.465741 0.421181 0.116667 0.081250
0 0.593519 0.408681 0.075926 0.049306
0 0.756019 0.397569 0.165741 0.078472
0 0.891667 0.388889 0.122222 0.052778
0 0.951852 0.449653 0.096296 0.067361
0 0.820833 0.459722 0.075000 0.044444
0 0.968519 0.520486 0.062963 0.047917
0 0.878241 0.525347 0.054630 0.035417
0 0.760185 0.530556 0.100000 0.059722
0 0.558796 0.487847 0.075000 0.052083
0 0.378704 0.492361 0.159259 0.061111
0 0.197222 0.498958 0.085185 0.060417
0 0.180556 0.557292 0.037037 0.028472
0 0.276389 0.554514 0.054630 0.036806
0 0.367593 0.562500 0.062963 0.050000
0 0.462037 0.564236 0.031481 0.031250
0 0.595370 0.562500 0.074074 0.058333
0 0.716667 0.577083 0.094444 0.056944
0 0.822222 0.591319 0.033333 0.022917
0 0.939352 0.641319 0.065741 0.032639
0 0.826389 0.643750 0.076852 0.037500
0 0.218056 0.628819 0.047222 0.029861
0 0.385185 0.626389 0.035185 0.027778
0 0.472685 0.620486 0.058333 0.043750
0 0.549074 0.625694 0.042593 0.023611
0 0.300000 0.683681 0.044444 0.027083
0 0.464352 0.690972 0.056481 0.041667
0 0.580093 0.688194 0.060185 0.027778
0 0.692130 0.678472 0.036111 0.020833
0 0.920833 0.695486 0.062037 0.027083
0 0.809259 0.704861 0.055556 0.030556
0 0.539352 0.734028 0.058333 0.023611
0 0.382407 0.744444 0.048148 0.026389
0 0.302315 0.745139 0.052778 0.023611
0 0.222222 0.746528 0.057407 0.040278
0 0.302778 0.794097 0.037037 0.018750
0 0.478704 0.792361 0.051852 0.023611
0 0.976389 0.723264 0.047222 0.028472
0 0.862963 0.736806 0.059259 0.030556
0 0.723148 0.732639 0.068519 0.036111
0 0.681019 0.779861 0.052778 0.036111
0 0.778704 0.775694 0.059259 0.038889
0 0.909259 0.773264 0.053704 0.029861
0 0.594444 0.798264 0.144444 0.059028
0 0.344907 0.862153 0.025000 0.017361
0 0.365278 0.915278 0.036111 0.025000
0 0.455556 0.915972 0.022222 0.018056
0 0.465278 0.862500 0.034259 0.022222
0 0.551389 0.919444 0.050926 0.026389
0 0.561574 0.866319 0.032407 0.024306
0 0.679167 0.854861 0.036111 0.020833
0 0.676852 0.894792 0.038889 0.020139
0 0.700000 0.936806 0.040741 0.033333
0 0.829630 0.809722 0.035185 0.018056
0 0.773611 0.850347 0.045370 0.024306
0 0.759259 0.894792 0.061111 0.022917
0 0.796296 0.929167 0.074074 0.033333
0 0.871759 0.846528 0.041667 0.025000
0 0.963426 0.815972 0.049074 0.025000
0 0.861574 0.896875 0.045370 0.029861
0 0.931019 0.907639 0.060185 0.029167
0 0.948148 0.871181 0.059259 0.020139
