0 0.094907 0.046875 0.152778 0.067361
0 0.312963 0.036458 0.105556 0.071528
0 0.516667 0.053472 0.116667 0.058333
0 0.631019 0.009722 0.078704 0.018056
0 0.779167 0.025000 0.067593 0.048611
0 0.956944 0.024306 0.086111 0.047222
0 0.050000 0.114931 0.098148 0.050694
0 0.231019 0.107639 0.076852 0.043056
0 0.442593 0.093750 0.098148 0.088889
0 0.616667 0.109028 0.079630 0.038889
0 0.833333 0.085069 0.088889 0.059028
0 0.980556 0.109375 0.038889 0.039583
0 0.885185 0.151389 0.094444 0.073611
0 0.937963 0.192361 0.066667 0.063889
0 0.776852 0.186806 0.083333 0.079167
0 0.720833 0.137847 0.076852 0.065972
0 0.581019 0.164236 0.104630 0.052083
0 0.349537 0.165625 0.071296 0.086806
0 0.181481 0.162847 0.085185 0.039583
0 0.027778 0.177083 0.053704 0.065278
0 0.123148 0.214931 0.053704 0.036806
0 0.293981 0.230903 0.104630 0.039583
0 0.436574 0.214931 0.067593 0.038194
0 0.526852 0.222222 0.040741 0.029167
0 0.094907 0.266667 0.102778 0.045833
0 0.245833 0.279514 0.063889 0.035417
0 0.413889 0.255556 0.062963 0.026389
0 0.472685 0.283681 0.078704 0.042361
0 0.549537 0.264583 0.080556 0.038889
0 0.664352 0.287153 0.082407 0.028472
0 0.738426 0.265278 0.063889 0.033333
0 0.829630 0.229861 0.109259 0.037500
0 0.873611 0.273264 0.121296 0.054861
0 0.976389 0.240972 0.047222 0.036111
0 0.106944 0.332639 0.039815 0.031944
0 0.224537 0.337153 0.080556 0.039583
0 0.338426 0.336806 0.069444 0.044444
0 0.389352 0.355903 0.028704 0.022917
0 0.460648 0.363889 0.160185 0.098611
0 0.554167 0.359028 0.032407 0.037500
0 0.691204 0.376042 0.063889 0.052083
0 0.873148 0.370139 0.083333 0.088889
0 0.773611 0.406597 0.078704 0.046528
0 0.520370 0.428125 0.122222 0.043750
0 0.294907 0.418403 0.075000 0.067361
0 0.167130 0.413542 0.089815 0.077083
0 0.043519 0.509375 0.085185 0.071528
0 0.120370 0.502431 0.066667 0.054861
0 0.032407 0.571528 0.059259 0.051389
0 0.226389 0.501042 0.043519 0.040972
0 0.673148 0.462500 0.092593 0.043056
0 0.738426 0.464931 0.052778 0.043750
0 0.873611 0.476042 0.047222 0.032639
0 0.879630 0.513889 0.066667 0.047222
0 0.951389 0.516667 0.073148 0.031944
0 0.789352 0.505208 0.067593 0.049306
0 0.819444 0.551389 0.062963 0.041667
0 0.670833 0.539583 0.060185 0.038889
0 0.745370 0.572222 0.042593 0.033333
0 0.544444 0.530556 0.085185 0.037500
0 0.448611 0.502431 0.076852 0.059028
0 0.336111 0.504167 0.075926 0.059722
0 0.137963 0.581597 0.094444 0.050694
0 0.222222 0.568750 0.079630 0.050000
0 0.328241 0.580208 0.065741 0.043750
0 0.415741 0.565625 0.085185 0.039583
0 0.503704 0.608333 0.051852 0.023611
0 0.605093 0.602778 0.126852 0.065278
0 0.726852 0.632639 0.042593 0.030556
0 0.804630 0.639931 0.055556 0.040972
0 0.922222 0.582639 0.074074 0.038889
0 0.933333 0.655903 0.055556 0.021528
0 0.855556 0.672569 0.040741 0.029861
0 0.925926 0.717014 0.035185 0.022917
0 0.980556 0.742014 0.038889 0.025694
0 0.080093 0.659028 0.052778 0.030556
0 0.281019 0.629514 0.076852 0.029861
0 0.191204 0.664236 0.075000 0.032639
0 0.384259 0.655556 0.053704 0.027778
0 0.471296 0.667708 0.033333 0.031250
0 0.539352 0.684375 0.063889 0.034028
0 0.660648 0.685764 0.037963 0.027083
0 0.762037 0.689931 0.040741 0.031250
0 0.855093 0.747917 0.045370 0.033333
0 0.747222 0.749653 0.062963 0.028472
0 0.637037 0.734722 0.053704 0.025000
0 0.423148 0.714931 0.061111 0.035417
0 0.317130 0.701389 0.052778 0.030556
0 0.195370 0.730208 0.053704 0.025694
0 0.123611 0.739583 0.052778 0.027778
0 0.056481 0.717708 0.059259 0.032639
0 0.127315 0.804861 0.063889 0.033333
0 0.081481 0.843750 0.024074 0.018056
0 0.016667 0.910069 0.031481 0.025694
0 0.029630 0.965972 0.057407 0.023611
0 0.118056 0.889931 0.041667 0.027083
0 0.104630 0.955556 0.038889 0.016667
0 0.177778 0.940972 0.051852 0.018056
0 0.240278 0.953125 0.060185 0.021528
0 0.297222 0.954861 0.046296 0.030556
0 0.289352 0.914931 0.052778 0.022917
0 0.198611 0.886458 0.062037 0.027083
0 0.160648 0.845833 0.041667 0.025000
0 0.377778 0.911806 0.035185 0.026389
0 0.324074 0.884375 0.037037 0.022917
0 0.253241 0.855556 0.045370 0.026389
0 0.221759 0.809722 0.037963 0.030556
0 0.315278 0.843403 0.043519 0.025694
0 0.335185 0.810069 0.055556 0.031250
0 0.410185 0.811806 0.038889 0.025000
0 0.435648 0.860764 0.019444 0.015972
0 0.318519 0.767708 0.053704 0.025694
0 0.394907 0.767361 0.049074 0.030556
0 0.491667 0.768403 0.057407 0.034028
0 0.525000 0.832292 0.031481 0.018750
0 0.502778 0.892708 0.050000 0.040972
0 0.404630 0.956250 0.057407 0.031944
0 0.481019 0.977431 0.047222 0.027083
0 0.478704 0.929514 0.046296 0.021528
0 0.598611 0.946528 0.034259 0.027778
0 0.589352 0.896528 0.041667 0.023611
0 0.622222 0.810069 0.048148 0.017361
0 0.668981 0.775000 0.071296 0.036111
0 0.714815 0.810764 0.048148 0.028472
0 0.661574 0.864236 0.050926 0.025694
0 0.687037 0.913542 0.072222 0.042361
0 0.688426 0.958333 0.058333 0.027778
0 0.742593 0.946181 0.050000 0.027083
0 0.777778 0.955208 0.024074 0.017361
0 0.872685 0.956597 0.049074 0.036806
0 0.928241 0.935069 0.052778 0.032639
0 0.987963 0.912153 0.024074 0.015972
0 0.889352 0.903125 0.062037 0.028472
0 0.836111 0.910417 0.050000 0.031944
0 0.785185 0.905556 0.053704 0.030556
0 0.737037 0.863889 0.059259 0.020833
0 0.816667 0.861458 0.061111 0.020139
0 0.905093 0.862847 0.056481 0.031250
0 0.978241 0.863542 0.043519 0.028472
0 0.820833 0.818056 0.045370 0.029167
0 0.908333 0.814931 0.037037 0.029861
0 0.962500 0.813194 0.041667 0.020833
0 0.979630 0.578125 0.040741 0.052083
0 0.945370 0.427431 0.109259 0.057639
