0 0.135185 0.040278 0.072222 0.079167
0 0.069907 0.087847 0.065741 0.096528
0 0.049537 0.144097 0.097222 0.040972
0 0.277778 0.085069 0.138889 0.086806
0 0.375926 0.031250 0.092593 0.061111
0 0.416204 0.142361 0.062037 0.041667
0 0.502778 0.086458 0.096296 0.063194
0 0.731481 0.025694 0.088889 0.050000
0 0.809259 0.036111 0.083333 0.051389
0 0.807407 0.094444 0.094444 0.068056
0 0.829167 0.146875 0.106481 0.045139
0 0.660185 0.128125 0.114815 0.057639
0 0.210185 0.139236 0.100000 0.046528
0 0.163889 0.188542 0.083333 0.040972
0 0.319907 0.188542 0.154630 0.068750
0 0.534259 0.186111 0.100000 0.045833
0 0.641667 0.206250 0.096296 0.051389
0 0.748148 0.192014 0.070370 0.042361
0 0.119444 0.222222 0.109259 0.031944
0 0.047222 0.308681 0.037037 0.040972
0 0.207870 0.322569 0.087963 0.064583
0 0.415741 0.306944 0.094444 0.101389
0 0.924537 0.268056 0.075000 0.055556
0 0.974537 0.328125 0.050926 0.050694
0 0.316204 0.354861 0.087963 0.051389
0 0.051852 0.387500 0.101852 0.051389
0 0.679630 0.311806 0.085185 0.040278
0 0.535185 0.363194 0.179630 0.079167
0 0.609722 0.404167 0.067593 0.038889
0 0.785648 0.343750 0.065741 0.061111
0 0.899537 0.382986 0.095370 0.046528
0 0.769907 0.423958 0.093519 0.064583
0 0.948148 0.433681 0.103704 0.038194
0 0.986574 0.469444 0.026852 0.030556
0 0.887037 0.468056 0.064815 0.051389
0 0.658333 0.453125 0.137037 0.096528
0 0.530093 0.474653 0.075000 0.036806
0 0.433796 0.431250 0.049074 0.038889
0 0.448148 0.476042 0.070370 0.054861
0 0.294907 0.422222 0.056481 0.051389
0 0.225926 0.422569 0.103704 0.046528
0 0.015741 0.474653 0.029630 0.065972
0 0.105556 0.504167 0.103704 0.043056
0 0.250000 0.509028 0.062963 0.041667
0 0.334722 0.542014 0.047222 0.034028
0 0.365278 0.465972 0.069444 0.054167
0 0.415741 0.516667 0.068519 0.043056
0 0.541204 0.549306 0.084259 0.045833
0 0.622685 0.542708 0.076852 0.054861
0 0.751852 0.536111 0.077778 0.050000
0 0.829630 0.494444 0.025926 0.045833
0 0.814815 0.596528 0.022222 0.041667
0 0.806481 0.655556 0.016667 0.051389
0 0.925926 0.620833 0.081481 0.027778
0 0.915278 0.718403 0.043519 0.035417
0 0.703704 0.588889 0.133333 0.070833
0 0.428704 0.615278 0.059259 0.047222
0 0.344444 0.611111 0.050000 0.036111
0 0.202778 0.579514 0.144444 0.077083
0 0.012500 0.545486 0.023148 0.039583
0 0.086111 0.589583 0.064815 0.023611
0 0.070370 0.654167 0.042593 0.034722
0 0.154167 0.670833 0.071296 0.037500
0 0.285648 0.669444 0.039815 0.029167
0 0.398148 0.672222 0.038889 0.034722
0 0.494444 0.648611 0.042593 0.031944
0 0.577315 0.630556 0.058333 0.026389
0 0.664815 0.652083 0.042593 0.036111
0 0.750926 0.659028 0.042593 0.027778
0 0.990278 0.718750 0.019444 0.031944
0 0.838426 0.752083 0.041667 0.038889
0 0.759722 0.729861 0.043519 0.025000
0 0.656944 0.726042 0.041667 0.029861
0 0.589815 0.697222 0.040741 0.023611
0 0.516204 0.733333 0.049074 0.034722
0 0.037037 0.703819 0.068519 0.039583
0 0.277315 0.723264 0.063889 0.024306
0 0.397685 0.736458 0.063889 0.031250
0 0.027315 0.759028 0.052778 0.033333
0 0.130093 0.759722 0.060185 0.036111
0 0.320370 0.765625 0.079630 0.040972
0 0.452778 0.774653 0.042593 0.031250
0 0.056019 0.805556 0.039815 0.027778
0 0.184259 0.826042 0.037037 0.020139
0 0.285185 0.802431 0.051852 0.021528
0 0.383796 0.801736 0.050926 0.029861
0 0.497222 0.810417 0.040741 0.036111
0 0.596296 0.806250 0.037037 0.031944
0 0.658796 0.803472 0.045370 0.023611
0 0.721296 0.810764 0.042593 0.032639
0 0.853241 0.840972 0.032407 0.023611
0 0.954630 0.811458 0.057407 0.034028
0 0.098611 0.855903 0.023148 0.017361
0 0.182407 0.888542 0.055556 0.042361
0 0.273611 0.892014 0.047222 0.025694
0 0.059259 0.905903 0.037037 0.027083
0 0.008796 0.947569 0.015741 0.025694
0 0.006944 0.877778 0.012037 0.023611
0 0.164352 0.924653 0.043519 0.024306
0 0.101852 0.949306 0.059259 0.031944
0 0.182870 0.971875 0.056481 0.027083
0 0.297222 0.943403 0.038889 0.032639
0 0.399074 0.957292 0.061111 0.029861
0 0.455093 0.946528 0.056481 0.030556
0 0.493056 0.953472 0.025000 0.020833
0 0.343519 0.859722 0.051852 0.026389
0 0.425000 0.858333 0.068519 0.020833
0 0.509259 0.855556 0.066667 0.022222
0 0.386111 0.910764 0.081481 0.046528
0 0.488889 0.902778 0.053704 0.033333
0 0.542130 0.909375 0.054630 0.034028
0 0.604167 0.857639 0.060185 0.034722
0 0.602315 0.901736 0.063889 0.029861
0 0.603241 0.959375 0.054630 0.039583
0 0.655093 0.938542 0.054630 0.038194
0 0.723148 0.912500 0.035185 0.019444
0 0.699537 0.860069 0.071296 0.031250
0 0.843056 0.919444 0.036111 0.019444
0 0.901389 0.965278 0.054630 0.041667
0 0.950463 0.896528 0.099074 0.068056
