0 0.047685 0.021181 0.093519 0.040972
0 0.177778 0.084028 0.125926 0.113889
0 0.031481 0.101042 0.061111 0.046528
0 0.135648 0.155903 0.099074 0.086806
0 0.360185 0.015278 0.124074 0.029167
0 0.433796 0.099653 0.141667 0.061806
0 0.350926 0.160417 0.100000 0.076389
0 0.617130 0.038889 0.156481 0.076389
0 0.812963 0.040972 0.166667 0.080556
0 0.968981 0.079167 0.060185 0.063889
0 0.820370 0.168403 0.127778 0.089583
0 0.606019 0.184028 0.108333 0.055556
0 0.467130 0.210764 0.123148 0.052083
0 0.302315 0.232292 0.060185 0.057639
0 0.115278 0.232292 0.113889 0.047917
0 0.018519 0.307292 0.035185 0.052083
0 0.119907 0.343403 0.106481 0.056250
0 0.293056 0.349653 0.087963 0.053472
0 0.455556 0.349306 0.092593 0.058333
0 0.972222 0.176042 0.055556 0.040972
0 0.760185 0.236806 0.088889 0.051389
0 0.756481 0.282639 0.074074 0.051389
0 0.932407 0.290278 0.133333 0.083333
0 0.982407 0.347917 0.033333 0.047222
0 0.584722 0.301389 0.100926 0.077778
0 0.068519 0.411806 0.124074 0.047222
0 0.270370 0.420139 0.098148 0.041667
0 0.384259 0.418750 0.066667 0.038889
0 0.567130 0.390625 0.125000 0.043750
0 0.697222 0.371875 0.085185 0.036806
0 0.870833 0.348264 0.052778 0.052083
0 0.936574 0.445139 0.073148 0.065278
0 0.782407 0.435764 0.100000 0.040972
0 0.648611 0.453125 0.069444 0.057639
0 0.460185 0.470139 0.042593 0.037500
0 0.028704 0.490625 0.055556 0.039583
0 0.163889 0.486806 0.074074 0.041667
0 0.314352 0.479514 0.089815 0.031250
0 0.588889 0.520139 0.081481 0.037500
0 0.706019 0.530903 0.078704 0.038194
0 0.850000 0.513542 0.090741 0.040972
0 0.982870 0.503125 0.032407 0.043750
0 0.978704 0.561806 0.042593 0.037500
0 0.838889 0.592014 0.077778 0.029861
0 0.701852 0.605903 0.051852 0.031250
0 0.588426 0.601389 0.080556 0.036111
0 0.465278 0.596528 0.062037 0.025000
0 0.315741 0.588889 0.055556 0.037500
0 0.481944 0.542014 0.069444 0.031250
0 0.381019 0.540278 0.073148 0.033333
0 0.244444 0.538542 0.087037 0.031250
0 0.105093 0.542014 0.078704 0.025694
0 0.197222 0.584028 0.051852 0.033333
0 0.084259 0.574653 0.088889 0.022917
0 0.031019 0.623264 0.056481 0.031250
0 0.125000 0.621528 0.081481 0.027778
0 0.266204 0.635764 0.075000 0.031250
0 0.400000 0.634375 0.075926 0.028472
0 0.463889 0.663889 0.066667 0.026389
0 0.613426 0.665972 0.065741 0.031944
0 0.718056 0.652778 0.076852 0.029167
0 0.979630 0.634722 0.040741 0.023611
0 0.854167 0.648958 0.113889 0.047917
0 0.755093 0.702431 0.049074 0.020139
0 0.890741 0.699306 0.066667 0.031944
0 0.987037 0.681250 0.025926 0.020833
0 0.649074 0.710417 0.062963 0.022222
0 0.021296 0.667014 0.040741 0.038194
0 0.106019 0.670486 0.069444 0.022917
0 0.226389 0.676736 0.056481 0.031250
0 0.073611 0.729861 0.054630 0.023611
0 0.134722 0.712153 0.076852 0.021528
0 0.197222 0.738194 0.053704 0.031944
0 0.350926 0.710069 0.088889 0.029861
0 0.131019 0.764931 0.052778 0.022917
0 0.306481 0.741319 0.062963 0.028472
0 0.411574 0.742361 0.030556 0.019444
0 0.498611 0.713542 0.080556 0.024306
0 0.111111 0.797222 0.038889 0.022222
0 0.186111 0.783333 0.035185 0.020833
0 0.061111 0.826042 0.042593 0.018750
0 0.045370 0.844792 0.033333 0.017361
0 0.049537 0.924306 0.043519 0.019444
0 0.093981 0.896528 0.041667 0.022222
0 0.151389 0.945486 0.036111 0.032639
0 0.190278 0.906250 0.054630 0.033333
0 0.164352 0.859375 0.049074 0.022917
0 0.168981 0.831597 0.034259 0.021528
0 0.016204 0.796181 0.030556 0.015972
0 0.236111 0.931944 0.046296 0.015278
0 0.253704 0.861806 0.044444 0.016667
0 0.220370 0.812847 0.040741 0.028472
0 0.282870 0.795139 0.045370 0.025000
0 0.276852 0.835069 0.033333 0.017361
0 0.323148 0.820833 0.050000 0.026389
0 0.322685 0.906597 0.052778 0.021528
0 0.351852 0.962847 0.029630 0.017361
0 0.387037 0.924653 0.048148 0.034028
0 0.342130 0.869097 0.050926 0.015972
0 0.394907 0.798611 0.034259 0.020833
0 0.386111 0.837847 0.059259 0.028472
0 0.462037 0.940972 0.035185 0.025000
0 0.497685 0.981597 0.032407 0.020139
0 0.512963 0.923264 0.042593 0.022917
0 0.501389 0.874653 0.037963 0.015972
0 0.445370 0.854861 0.040741 0.020833
0 0.445370 0.821528 0.046296 0.025000
0 0.489352 0.798611 0.047222 0.020833
0 0.497685 0.837500 0.041667 0.025000
0 0.568519 0.846875 0.044444 0.017361
0 0.505556 0.751389 0.055556 0.030556
0 0.590278 0.920139 0.028704 0.030556
0 0.643056 0.955903 0.036111 0.031250
0 0.576389 0.793403 0.062037 0.022917
0 0.620833 0.761806 0.043519 0.025000
0 0.617130 0.827778 0.065741 0.022222
0 0.651389 0.797917 0.039815 0.019444
0 0.714815 0.754167 0.053704 0.020833
0 0.749537 0.795486 0.037963 0.027083
0 0.691204 0.825694 0.056481 0.020833
0 0.650463 0.852083 0.043519 0.022222
0 0.620833 0.874653 0.039815 0.021528
0 0.703241 0.935417 0.028704 0.025000
0 0.771296 0.966667 0.061111 0.031944
0 0.860648 0.988542 0.050926 0.022917
0 0.795370 0.930556 0.031481 0.018056
0 0.893519 0.946875 0.033333 0.020139
0 0.704630 0.879514 0.035185 0.021528
0 0.743056 0.854861 0.041667 0.022222
0 0.792130 0.878819 0.060185 0.017361
0 0.832407 0.853472 0.050000 0.020833
0 0.878704 0.882986 0.044444 0.018750
0 0.815278 0.741319 0.060185 0.028472
0 0.860648 0.789931 0.049074 0.017361
0 0.905093 0.819792 0.049074 0.017361
0 0.912963 0.855903 0.037037 0.017361
0 0.981481 0.849653 0.037037 0.025694
0 0.968056 0.785417 0.043519 0.022222
0 0.927315 0.746181 0.052778 0.018750
0 0.982870 0.738194 0.034259 0.022222
