0 0.026852 0.021181 0.051852 0.040972
0 0.201389 0.035417 0.082407 0.062500
0 0.453704 0.034722 0.144444 0.068056
0 0.663889 0.058681 0.161111 0.115972
0 0.889815 0.049653 0.155556 0.095139
0 0.039352 0.154167 0.076852 0.058333
0 0.241667 0.147917 0.174074 0.043056
0 0.457870 0.170139 0.128704 0.048611
0 0.701389 0.151736 0.156481 0.053472
0 0.631944 0.203125 0.099074 0.050694
0 0.787500 0.194792 0.143519 0.038194
0 0.964352 0.211458 0.071296 0.049306
0 0.126852 0.289931 0.092593 0.065972
0 0.030556 0.379514 0.059259 0.035417
0 0.324537 0.277778 0.108333 0.056944
0 0.484259 0.296875 0.059259 0.068750
0 0.742593 0.277083 0.062963 0.061111
0 0.842130 0.323958 0.097222 0.060417
0 0.981019 0.331944 0.037963 0.037500
0 0.641667 0.323958 0.124074 0.053472
0 0.169907 0.359375 0.076852 0.031250
0 0.256944 0.364236 0.073148 0.036806
0 0.385648 0.377431 0.089815 0.050694
0 0.051389 0.449306 0.067593 0.044444
0 0.181019 0.451042 0.062037 0.032639
0 0.564352 0.394444 0.093519 0.037500
0 0.721759 0.389583 0.125000 0.044444
0 0.940278 0.404861 0.100926 0.044444
0 0.780093 0.466319 0.082407 0.038194
0 0.930556 0.463889 0.094444 0.030556
0 0.625926 0.469792 0.048148 0.042361
0 0.482407 0.466319 0.059259 0.038194
0 0.363889 0.456944 0.042593 0.036111
0 0.272685 0.430903 0.089815 0.046528
0 0.664815 0.522917 0.075926 0.029167
0 0.088426 0.525000 0.054630 0.041667
0 0.036111 0.525694 0.070370 0.108333
0 0.108333 0.574306 0.061111 0.037500
0 0.047222 0.611111 0.070370 0.033333
0 0.131019 0.631597 0.073148 0.046528
0 0.072222 0.655556 0.046296 0.025000
0 0.089815 0.705208 0.066667 0.031250
0 0.170833 0.696875 0.049074 0.038194
0 0.076852 0.773611 0.059259 0.020833
0 0.206019 0.563542 0.067593 0.024306
0 0.319444 0.595486 0.055556 0.028472
0 0.246759 0.645139 0.058333 0.023611
0 0.260648 0.702778 0.069444 0.022222
0 0.384722 0.648264 0.060185 0.024306
0 0.487963 0.645486 0.053704 0.038194
0 0.201852 0.497917 0.068519 0.040278
0 0.275463 0.513542 0.075000 0.040972
0 0.363426 0.496528 0.087963 0.041667
0 0.396759 0.540278 0.067593 0.041667
0 0.481944 0.559375 0.052778 0.025694
0 0.622685 0.553819 0.082407 0.024306
0 0.737963 0.565972 0.044444 0.031944
0 0.812963 0.521181 0.083333 0.032639
0 0.949074 0.526389 0.074074 0.036111
0 0.980556 0.582639 0.038889 0.020833
0 0.856944 0.571875 0.056481 0.035417
0 0.903241 0.615972 0.069444 0.023611
0 0.944444 0.649306 0.072222 0.025000
0 0.767130 0.616667 0.073148 0.030556
0 0.635648 0.600000 0.075000 0.025000
0 0.539815 0.600000 0.048148 0.029167
0 0.573148 0.646875 0.062963 0.022917
0 0.693056 0.655556 0.062037 0.027778
0 0.797222 0.690278 0.087037 0.029167
0 0.939352 0.695486 0.076852 0.020139
0 0.837037 0.722917 0.031481 0.018056
0 0.917130 0.732986 0.054630 0.028472
0 0.963426 0.772222 0.060185 0.019444
0 0.728241 0.721875 0.067593 0.025694
0 0.619444 0.714931 0.046296 0.027083
0 0.566667 0.690278 0.077778 0.020833
0 0.496759 0.707639 0.045370 0.020833
0 0.398611 0.716667 0.049074 0.027778
0 0.336574 0.728819 0.049074 0.018750
0 0.147685 0.755208 0.067593 0.029861
0 0.212500 0.746181 0.023148 0.018750
0 0.033333 0.803472 0.051852 0.018056
0 0.175463 0.798611 0.050926 0.023611
0 0.113889 0.823611 0.046296 0.025000
0 0.074537 0.892708 0.034259 0.015972
0 0.120370 0.933333 0.044444 0.029167
0 0.154630 0.881597 0.051852 0.024306
0 0.186574 0.911458 0.037963 0.017361
0 0.231481 0.895139 0.025926 0.026389
0 0.238426 0.825000 0.043519 0.018056
0 0.222222 0.775694 0.042593 0.020833
0 0.295833 0.767708 0.036111 0.017361
0 0.306944 0.801736 0.060185 0.021528
0 0.310185 0.836111 0.038889 0.015278
0 0.301389 0.864931 0.037963 0.029861
0 0.302778 0.931250 0.037037 0.018056
0 0.359722 0.902778 0.043519 0.020833
0 0.381481 0.822569 0.033333 0.015972
0 0.409259 0.801736 0.038889 0.018750
0 0.375000 0.774653 0.053704 0.020139
0 0.487037 0.773611 0.031481 0.020833
0 0.531944 0.742014 0.056481 0.022917
0 0.569444 0.761458 0.037037 0.021528
0 0.404630 0.875000 0.037037 0.019444
0 0.463426 0.921875 0.039815 0.032639
0 0.550926 0.908333 0.050000 0.018056
0 0.507407 0.881944 0.055556 0.033333
0 0.496759 0.837153 0.041667 0.021528
0 0.519444 0.808333 0.031481 0.020833
0 0.584722 0.789931 0.047222 0.027083
0 0.585185 0.839236 0.044444 0.013194
0 0.639352 0.882639 0.049074 0.022222
0 0.668519 0.936806 0.024074 0.015278
0 0.665278 0.774306 0.045370 0.022222
0 0.628241 0.811806 0.030556 0.018056
0 0.688889 0.797917 0.046296 0.020833
0 0.669907 0.844792 0.058333 0.013194
0 0.704630 0.899653 0.048148 0.031250
0 0.775926 0.914236 0.035185 0.022917
0 0.811574 0.953472 0.030556 0.018056
0 0.826852 0.896181 0.037037 0.022917
0 0.737500 0.815625 0.054630 0.024306
0 0.776852 0.777778 0.038889 0.022222
0 0.806944 0.799306 0.049074 0.026389
0 0.784722 0.832292 0.045370 0.018750
0 0.827315 0.851389 0.037963 0.016667
0 0.903704 0.893403 0.031481 0.029861
0 0.951852 0.926389 0.031481 0.023611
0 0.943519 0.849653 0.038889 0.020139
0 0.912500 0.824306 0.041667 0.015278
0 0.849537 0.815972 0.041667 0.025000
0 0.869444 0.777083 0.046296 0.018056
0 0.971296 0.804514 0.057407 0.020139
0 0.982407 0.828125 0.035185 0.020139
