0 0.105093 0.062500 0.100926 0.055556
0 0.296296 0.045833 0.094444 0.062500
0 0.427778 0.056250 0.101852 0.076389
0 0.606944 0.115278 0.069444 0.075000
0 0.747685 0.090278 0.112037 0.077778
0 0.890741 0.087847 0.114815 0.077083
0 0.983333 0.085764 0.033333 0.046528
0 0.823611 0.181250 0.050926 0.056944
0 0.964352 0.174653 0.071296 0.068750
0 0.984259 0.270833 0.031481 0.066667
0 0.867593 0.265278 0.059259 0.061111
0 0.916667 0.348611 0.087037 0.050000
0 0.960648 0.418403 0.078704 0.043750
0 0.850926 0.426389 0.087037 0.063889
0 0.792130 0.350694 0.084259 0.040278
0 0.666204 0.356597 0.075000 0.049306
0 0.612037 0.272222 0.079630 0.058333
0 0.476852 0.280556 0.103704 0.058333
0 0.400926 0.197222 0.055556 0.054167
0 0.528241 0.190278 0.071296 0.041667
0 0.267593 0.183681 0.094444 0.082639
0 0.289352 0.257292 0.099074 0.050694
0 0.196296 0.259722 0.062963 0.061111
0 0.200926 0.348264 0.096296 0.050694
0 0.281019 0.332639 0.060185 0.047222
0 0.302315 0.408681 0.087963 0.056250
0 0.413426 0.363542 0.073148 0.047917
0 0.468056 0.435764 0.099074 0.046528
0 0.593519 0.427778 0.090741 0.041667
0 0.077778 0.246528 0.103704 0.066667
0 0.088889 0.175000 0.092593 0.069444
0 0.212500 0.407986 0.063889 0.052083
0 0.150463 0.482292 0.076852 0.056250
0 0.077315 0.405556 0.089815 0.047222
0 0.103241 0.326736 0.075000 0.045139
0 0.048148 0.108333 0.077778 0.059722
0 0.212963 0.114931 0.100000 0.060417
0 0.671296 0.188889 0.100000 0.063889
0 0.727778 0.425694 0.114815 0.058333
0 0.888889 0.481597 0.096296 0.049306
0 0.941204 0.542708 0.080556 0.039583
0 0.891667 0.622222 0.079630 0.038889
0 0.921296 0.696875 0.051852 0.035417
0 0.768056 0.629514 0.076852 0.039583
0 0.812963 0.688889 0.096296 0.036111
0 0.692593 0.696528 0.103704 0.047222
0 0.654630 0.626042 0.050000 0.050694
0 0.715278 0.556597 0.076852 0.036806
0 0.656481 0.489236 0.088889 0.049306
0 0.779630 0.485417 0.092593 0.045833
0 0.418981 0.498264 0.058333 0.046528
0 0.298611 0.475694 0.062037 0.051389
0 0.304630 0.547917 0.064815 0.043056
0 0.312500 0.607639 0.047222 0.038889
0 0.425000 0.630556 0.072222 0.047222
0 0.533796 0.630556 0.071296 0.036111
0 0.469907 0.563194 0.069444 0.047222
0 0.603241 0.564583 0.062037 0.050000
0 0.227315 0.543056 0.063889 0.044444
0 0.133333 0.532639 0.059259 0.040278
0 0.049074 0.463889 0.092593 0.041667
0 0.074074 0.650347 0.062963 0.042361
0 0.151852 0.607639 0.074074 0.037500
0 0.234259 0.620833 0.087037 0.062500
0 0.474074 0.698264 0.059259 0.027083
0 0.583796 0.702083 0.058333 0.048611
0 0.650463 0.760069 0.099074 0.031250
0 0.790741 0.820486 0.070370 0.038194
0 0.883333 0.812847 0.048148 0.032639
0 0.837963 0.869792 0.075926 0.034028
0 0.979630 0.875347 0.040741 0.036806
0 0.875926 0.909375 0.061111 0.034028
0 0.876389 0.971875 0.073148 0.038194
0 0.580556 0.830208 0.053704 0.042361
0 0.637037 0.865972 0.070370 0.033333
0 0.688426 0.917361 0.065741 0.031944
0 0.316204 0.739931 0.063889 0.047917
0 0.427315 0.762847 0.063889 0.022917
0 0.230093 0.690278 0.078704 0.034722
0 0.315741 0.680208 0.055556 0.031250
0 0.248148 0.735417 0.061111 0.037500
0 0.242130 0.797222 0.063889 0.036111
0 0.336111 0.805556 0.059259 0.030556
0 0.308333 0.853472 0.051852 0.026389
0 0.236574 0.891667 0.067593 0.036111
0 0.157870 0.804861 0.052778 0.027778
0 0.040741 0.778472 0.051852 0.037500
0 0.025463 0.824653 0.049074 0.027083
0 0.017130 0.609375 0.032407 0.060417
0 0.014352 0.538889 0.026852 0.036111
0 0.094444 0.700347 0.077778 0.040972
0 0.158333 0.750347 0.057407 0.025694
0 0.111574 0.879514 0.045370 0.039583
0 0.168519 0.850694 0.062963 0.041667
0 0.109259 0.964583 0.077778 0.051389
0 0.317593 0.953819 0.062963 0.040972
0 0.416667 0.959722 0.062963 0.038889
0 0.425926 0.868403 0.081481 0.050694
0 0.466204 0.916667 0.067593 0.025000
0 0.525463 0.871528 0.052778 0.030556
0 0.466667 0.820486 0.074074 0.032639
0 0.536111 0.762153 0.068519 0.032639
0 0.527778 0.958333 0.055556 0.034722
0 0.632407 0.960764 0.059259 0.032639
0 0.742593 0.967361 0.055556 0.027778
0 0.779630 0.917708 0.062963 0.039583
0 0.988889 0.760417 0.022222 0.040278
0 0.857870 0.756597 0.065741 0.039583
0 0.735185 0.869444 0.055556 0.036111
0 0.218519 0.970139 0.066667 0.030556
0 0.042130 0.921528 0.047222 0.034722
0 0.833333 0.553472 0.066667 0.047222
