0 0.399537 0.095139 0.123148 0.073611
0 0.504630 0.210417 0.125926 0.075000
0 0.663889 0.193403 0.107407 0.068750
0 0.931481 0.241667 0.092593 0.090278
0 0.974074 0.346875 0.051852 0.059028
0 0.956019 0.532639 0.086111 0.038889
0 0.903704 0.718056 0.053704 0.047222
0 0.880556 0.890278 0.053704 0.036111
0 0.843519 0.758681 0.066667 0.040972
0 0.691204 0.690625 0.086111 0.049306
0 0.720370 0.625000 0.096296 0.037500
0 0.626852 0.522917 0.081481 0.056944
0 0.718056 0.484028 0.080556 0.047222
0 0.794444 0.529514 0.100000 0.047917
0 0.857870 0.474653 0.075000 0.035417
0 0.862963 0.384028 0.096296 0.050000
0 0.746296 0.420139 0.111111 0.061111
0 0.667593 0.309028 0.092593 0.087500
0 0.777315 0.302778 0.078704 0.062500
0 0.855556 0.202778 0.064815 0.081944
0 0.756481 0.199653 0.072222 0.072917
0 0.917593 0.115278 0.111111 0.094444
0 0.806019 0.066667 0.136111 0.075000
0 0.662963 0.090625 0.116667 0.060417
0 0.549074 0.062153 0.116667 0.085417
0 0.181481 0.165278 0.074074 0.073611
0 0.045833 0.226042 0.073148 0.063194
0 0.087963 0.280556 0.070370 0.045833
0 0.258796 0.299306 0.125000 0.075000
0 0.452778 0.340278 0.077778 0.054167
0 0.552778 0.326389 0.079630 0.072222
0 0.581481 0.410764 0.092593 0.061806
0 0.526852 0.488889 0.094444 0.065278
0 0.458796 0.546528 0.084259 0.040278
0 0.627778 0.605556 0.061111 0.050000
0 0.534722 0.616667 0.076852 0.051389
0 0.458333 0.657292 0.068519 0.067361
0 0.528704 0.692014 0.053704 0.056250
0 0.587037 0.751389 0.055556 0.036111
0 0.718519 0.754514 0.068519 0.053472
0 0.668056 0.794792 0.058333 0.031250
0 0.781019 0.797917 0.060185 0.043056
0 0.289815 0.409028 0.090741 0.061111
0 0.355093 0.362153 0.076852 0.068750
0 0.178704 0.374653 0.068519 0.059028
0 0.398148 0.618750 0.081481 0.051389
0 0.309722 0.709028 0.071296 0.045833
0 0.373148 0.738889 0.074074 0.031944
0 0.418519 0.699653 0.055556 0.025694
0 0.481019 0.736806 0.073148 0.037500
0 0.540278 0.790278 0.062037 0.026389
0 0.593519 0.840278 0.061111 0.047222
0 0.707407 0.845139 0.048148 0.045833
0 0.829167 0.846528 0.052778 0.036111
0 0.882407 0.810417 0.068519 0.034722
0 0.978241 0.869792 0.043519 0.031250
0 0.987963 0.824653 0.024074 0.031250
0 0.612037 0.696181 0.053704 0.043750
0 0.265278 0.629167 0.050926 0.038889
0 0.242593 0.592014 0.062963 0.043750
0 0.279630 0.532639 0.074074 0.051389
0 0.371296 0.514931 0.088889 0.053472
0 0.413889 0.446181 0.068519 0.059028
0 0.481019 0.410764 0.080556 0.068750
0 0.208796 0.449306 0.086111 0.041667
0 0.081944 0.265278 0.162037 0.212500
0 0.044907 0.078125 0.087963 0.068750
0 0.138889 0.074653 0.100000 0.063194
0 0.370370 0.230556 0.129630 0.069444
0 0.053241 0.390278 0.082407 0.055556
0 0.023148 0.434375 0.044444 0.038194
0 0.106481 0.456250 0.109259 0.061111
0 0.043519 0.596875 0.068519 0.049306
0 0.156019 0.630903 0.084259 0.078472
0 0.215278 0.668056 0.065741 0.040278
0 0.270370 0.632292 0.057407 0.035417
0 0.181481 0.552431 0.050000 0.067361
0 0.167130 0.502778 0.093519 0.040278
0 0.059259 0.506250 0.096296 0.059722
0 0.221759 0.710417 0.076852 0.041667
0 0.270370 0.771528 0.057407 0.059722
0 0.431481 0.789931 0.059259 0.046528
0 0.486574 0.833681 0.043519 0.034028
0 0.433796 0.873264 0.050926 0.034028
0 0.530093 0.934028 0.065741 0.048611
0 0.612037 0.932292 0.072222 0.070139
0 0.682407 0.956250 0.059259 0.045833
0 0.782407 0.948264 0.057407 0.036806
0 0.878241 0.965278 0.045370 0.041667
0 0.287037 0.927778 0.061111 0.040278
0 0.368056 0.927778 0.084259 0.068056
0 0.470370 0.938542 0.059259 0.045139
0 0.763889 0.890278 0.081481 0.043056
0 0.659722 0.888889 0.050926 0.031944
0 0.277315 0.869792 0.065741 0.029861
0 0.318519 0.824653 0.051852 0.043750
0 0.221759 0.813889 0.056481 0.038889
0 0.174074 0.768750 0.066667 0.031944
0 0.110648 0.704167 0.100926 0.055556
0 0.035648 0.648264 0.069444 0.070139
0 0.018981 0.708681 0.036111 0.042361
0 0.039352 0.809375 0.056481 0.036806
0 0.067130 0.763889 0.058333 0.025000
0 0.045370 0.926389 0.074074 0.027778
0 0.040741 0.860417 0.057407 0.036111
0 0.123148 0.868750 0.046296 0.037500
0 0.200463 0.860764 0.067593 0.034028
0 0.209722 0.951389 0.063889 0.036111
0 0.138426 0.810764 0.056481 0.032639
0 0.067593 0.555903 0.059259 0.031250
0 0.809722 0.597917 0.056481 0.036111
0 0.706481 0.563542 0.062963 0.031250
0 0.858796 0.633681 0.091667 0.034028
0 0.926852 0.643056 0.068519 0.045833
0 0.789352 0.704514 0.056481 0.034028
0 0.922222 0.421528 0.087037 0.047222
0 0.900000 0.583681 0.077778 0.061806
0 0.874074 0.318750 0.083333 0.061111
0 0.015278 0.307639 0.028704 0.037500
0 0.661574 0.014236 0.132407 0.027083
0 0.981944 0.132986 0.036111 0.056250
0 0.982407 0.248611 0.035185 0.065278
