0 0.906481 0.910764 0.064815 0.043750
0 0.948148 0.843750 0.050000 0.031944
0 0.892130 0.792361 0.045370 0.029167
0 0.931944 0.738889 0.050926 0.029167
0 0.966667 0.675347 0.066667 0.040972
0 0.933333 0.640972 0.085185 0.043056
0 0.988889 0.613542 0.022222 0.025694
0 0.975926 0.559375 0.048148 0.035417
0 0.912963 0.573611 0.066667 0.036111
0 0.954630 0.491319 0.090741 0.049306
0 0.981019 0.382639 0.037963 0.036111
0 0.893056 0.435764 0.067593 0.047917
0 0.435648 0.191319 0.110185 0.089583
0 0.526852 0.335417 0.107407 0.041667
0 0.662500 0.332639 0.086111 0.054167
0 0.776389 0.315625 0.104630 0.050694
0 0.876389 0.307986 0.086111 0.060417
0 0.713889 0.436806 0.098148 0.061111
0 0.279630 0.392708 0.107407 0.078472
0 0.341667 0.472222 0.094444 0.065278
0 0.505093 0.537847 0.097222 0.053472
0 0.568056 0.600694 0.062037 0.043056
0 0.615741 0.640625 0.075926 0.046528
0 0.742593 0.609722 0.077778 0.043056
0 0.727778 0.711458 0.057407 0.052083
0 0.726852 0.784028 0.055556 0.030556
0 0.855556 0.718403 0.053704 0.038194
0 0.569444 0.700347 0.074074 0.047917
0 0.481019 0.681250 0.062037 0.038889
0 0.400926 0.654514 0.081481 0.054861
0 0.486574 0.740972 0.084259 0.050000
0 0.393981 0.740625 0.104630 0.064583
0 0.319907 0.701389 0.060185 0.044444
0 0.332870 0.597569 0.065741 0.046528
0 0.242593 0.475347 0.094444 0.061806
0 0.300000 0.269444 0.111111 0.087500
0 0.302315 0.178472 0.095370 0.084722
0 0.330093 0.102778 0.100926 0.097222
0 0.531481 0.112153 0.088889 0.072917
0 0.667593 0.091319 0.116667 0.099306
0 0.775463 0.115625 0.082407 0.089583
0 0.900926 0.118056 0.090741 0.087500
0 0.871296 0.036458 0.109259 0.060417
0 0.981481 0.095486 0.037037 0.075694
0 0.053241 0.528125 0.078704 0.052083
0 0.107407 0.463542 0.087037 0.053472
0 0.172222 0.400694 0.107407 0.040278
0 0.052315 0.365972 0.065741 0.050000
0 0.284722 0.648958 0.073148 0.056250
0 0.205093 0.700000 0.086111 0.034722
0 0.100926 0.694097 0.074074 0.049306
0 0.085185 0.636111 0.083333 0.048611
0 0.133796 0.577778 0.075000 0.048611
0 0.236574 0.582292 0.095370 0.049306
0 0.183333 0.527778 0.100000 0.051389
0 0.414352 0.403125 0.149074 0.097917
0 0.521296 0.412153 0.064815 0.043750
0 0.646296 0.413194 0.061111 0.061111
0 0.585185 0.480556 0.070370 0.065278
0 0.659722 0.474653 0.065741 0.036806
0 0.717130 0.503819 0.073148 0.052083
0 0.817130 0.583333 0.058333 0.031944
0 0.789352 0.542708 0.045370 0.043750
0 0.844444 0.489931 0.105556 0.045139
0 0.802315 0.419444 0.089815 0.044444
0 0.889815 0.376042 0.103704 0.056250
0 0.969907 0.335417 0.060185 0.040278
0 0.843056 0.648611 0.067593 0.040278
0 0.760185 0.660417 0.064815 0.031944
0 0.803241 0.758681 0.039815 0.025694
0 0.805556 0.821528 0.051852 0.033333
0 0.656944 0.754167 0.063889 0.036111
0 0.591667 0.744097 0.057407 0.029861
0 0.581019 0.798958 0.056481 0.036806
0 0.650926 0.804861 0.048148 0.031944
0 0.672685 0.839583 0.047222 0.027778
0 0.772222 0.923958 0.062963 0.043750
0 0.685185 0.932639 0.066667 0.047222
0 0.541667 0.959722 0.075926 0.055556
0 0.610185 0.967708 0.055556 0.031250
0 0.333333 0.853125 0.074074 0.047917
0 0.286111 0.804861 0.074074 0.038889
0 0.204167 0.749653 0.063889 0.032639
0 0.205556 0.864583 0.070370 0.040278
0 0.245370 0.934375 0.072222 0.045139
0 0.363889 0.951389 0.081481 0.041667
0 0.145370 0.967708 0.092593 0.043750
0 0.022222 0.970139 0.037037 0.036111
0 0.027315 0.890972 0.052778 0.036111
0 0.110648 0.819444 0.078704 0.045833
0 0.106481 0.869097 0.057407 0.039583
0 0.440741 0.860069 0.062963 0.039583
0 0.532407 0.857292 0.070370 0.034028
0 0.501852 0.806597 0.062963 0.046528
0 0.399074 0.805556 0.074074 0.054167
0 0.105093 0.759028 0.095370 0.051389
0 0.131481 0.170486 0.107407 0.074306
0 0.218981 0.182639 0.076852 0.048611
0 0.188426 0.265278 0.041667 0.051389
0 0.227315 0.323958 0.110185 0.063194
0 0.097222 0.312500 0.079630 0.047222
0 0.082407 0.250694 0.107407 0.062500
0 0.036574 0.175694 0.067593 0.073611
0 0.075000 0.084028 0.101852 0.105556
0 0.211574 0.083333 0.115741 0.088889
0 0.453704 0.027431 0.127778 0.052083
0 0.564815 0.028472 0.074074 0.055556
0 0.289815 0.013542 0.068519 0.025694
0 0.037963 0.010417 0.074074 0.019444
0 0.530093 0.200347 0.073148 0.084028
0 0.620370 0.197222 0.107407 0.079167
0 0.697222 0.238542 0.087037 0.061806
0 0.744907 0.223958 0.082407 0.064583
0 0.943519 0.244097 0.083333 0.065972
0 0.944444 0.180556 0.074074 0.066667
0 0.847685 0.188542 0.091667 0.088194
0 0.473611 0.265625 0.106481 0.057639
0 0.617593 0.276042 0.094444 0.059028
0 0.409722 0.323611 0.069444 0.051389
0 0.626389 0.538889 0.058333 0.033333
0 0.393519 0.534722 0.088889 0.047222
0 0.445370 0.592014 0.079630 0.039583
0 0.634259 0.592708 0.066667 0.046528
