0 0.649537 0.064583 0.158333 0.088889
0 0.717130 0.217361 0.125000 0.058333
0 0.838426 0.308681 0.126852 0.057639
0 0.889352 0.376389 0.099074 0.041667
0 0.969444 0.305556 0.061111 0.047222
0 0.974537 0.352778 0.050926 0.038889
0 0.680093 0.299306 0.091667 0.063889
0 0.509722 0.288542 0.117593 0.057639
0 0.391204 0.247917 0.132407 0.059722
0 0.168056 0.242014 0.121296 0.074306
0 0.051852 0.303472 0.096296 0.068056
0 0.279167 0.317361 0.115741 0.063889
0 0.363426 0.357639 0.087963 0.041667
0 0.484259 0.346875 0.092593 0.075694
0 0.182870 0.356944 0.113889 0.063889
0 0.139352 0.425000 0.095370 0.063889
0 0.284722 0.443403 0.106481 0.049306
0 0.873611 0.533681 0.252778 0.209028
0 0.950000 0.452083 0.092593 0.063889
0 0.760648 0.465625 0.084259 0.053472
0 0.734259 0.537153 0.068519 0.053472
0 0.745833 0.587847 0.071296 0.057639
0 0.876389 0.655903 0.093519 0.053472
0 0.946296 0.659028 0.057407 0.047222
0 0.383333 0.440625 0.062963 0.047917
0 0.484259 0.482986 0.081481 0.077083
0 0.569907 0.498958 0.089815 0.050694
0 0.529630 0.597222 0.072222 0.052778
0 0.567593 0.585069 0.079630 0.056250
0 0.185648 0.515278 0.080556 0.061111
0 0.275926 0.578472 0.092593 0.081944
0 0.363889 0.579514 0.074074 0.067361
0 0.454630 0.564583 0.094444 0.069444
0 0.356944 0.511111 0.084259 0.065278
0 0.077778 0.508681 0.111111 0.077083
0 0.039815 0.431250 0.075926 0.077778
0 0.631481 0.429514 0.077778 0.060417
0 0.672685 0.494444 0.082407 0.069444
0 0.639352 0.545833 0.084259 0.066667
0 0.021296 0.583333 0.040741 0.080556
0 0.075926 0.582292 0.088889 0.053472
0 0.164352 0.570139 0.091667 0.069444
0 0.701852 0.643750 0.077778 0.050000
0 0.798148 0.663542 0.085185 0.042361
0 0.612037 0.658681 0.087037 0.046528
0 0.508333 0.679514 0.087037 0.045139
0 0.461111 0.631944 0.087037 0.052778
0 0.332870 0.636806 0.084259 0.048611
0 0.161574 0.652778 0.102778 0.063889
0 0.265741 0.704167 0.061111 0.047222
0 0.377778 0.694444 0.094444 0.047222
0 0.043056 0.659722 0.050926 0.052778
0 0.080093 0.716667 0.130556 0.063889
0 0.507407 0.763889 0.062963 0.055556
0 0.578241 0.780903 0.078704 0.064583
0 0.662037 0.752778 0.092593 0.056944
0 0.737037 0.704514 0.085185 0.056250
0 0.826852 0.708333 0.074074 0.040278
0 0.906481 0.721528 0.062963 0.056944
0 0.970370 0.714583 0.059259 0.048611
0 0.931944 0.774653 0.091667 0.061806
0 0.864352 0.752778 0.049074 0.045833
0 0.745370 0.763542 0.064815 0.047917
0 0.838889 0.821528 0.124074 0.062500
0 0.940278 0.827083 0.095370 0.047222
0 0.722685 0.819444 0.117593 0.047222
0 0.932407 0.937500 0.079630 0.045833
0 0.598148 0.854167 0.070370 0.065278
0 0.386574 0.777778 0.050926 0.051389
0 0.268981 0.782986 0.152778 0.097917
0 0.128704 0.782639 0.116667 0.090278
0 0.036111 0.803819 0.068519 0.059028
0 0.088889 0.875347 0.100000 0.063194
0 0.202778 0.865625 0.125926 0.071528
0 0.043981 0.954167 0.086111 0.072222
0 0.270833 0.935764 0.076852 0.070139
0 0.317593 0.981250 0.070370 0.037500
0 0.391667 0.917014 0.092593 0.059028
0 0.333796 0.856944 0.087963 0.066667
0 0.456019 0.843403 0.071296 0.086806
0 0.513889 0.903472 0.055556 0.045833
0 0.456019 0.975347 0.060185 0.049306
0 0.542593 0.965278 0.075926 0.056944
0 0.719444 0.931250 0.050000 0.041667
0 0.809722 0.900694 0.076852 0.047222
0 0.901852 0.885764 0.092593 0.046528
0 0.978704 0.894444 0.042593 0.038889
0 0.852315 0.977083 0.099074 0.045833
0 0.648611 0.969444 0.091667 0.045833
0 0.537963 0.831944 0.072222 0.033333
0 0.679167 0.887153 0.058333 0.056250
