15 0.410185 0.157292 0.301852 0.275694
15 0.835185 0.356944 0.285185 0.200000
15 0.724537 0.558333 0.230556 0.176389
15 0.446759 0.580903 0.232407 0.139583
15 0.070370 0.262847 0.138889 0.184028
15 0.103241 0.502778 0.204630 0.163889
15 0.201389 0.684028 0.200926 0.087500
15 0.087500 0.769792 0.173148 0.129861
15 0.817130 0.808333 0.200926 0.158333
15 0.483333 0.816667 0.196296 0.088889
15 0.277778 0.864236 0.198148 0.079861
15 0.746759 0.923264 0.156481 0.090972
15 0.047685 0.894444 0.093519 0.106944
15 0.967593 0.650694 0.064815 0.095833
15 0.961574 0.971181 0.073148 0.057639
15 0.480556 0.980208 0.162963 0.039583
15 0.765741 0.971528 0.137037 0.056944
