0 0.033796 0.089236 0.065741 0.102083
0 0.196759 0.081597 0.126852 0.096528
0 0.301852 0.033681 0.135185 0.065972
0 0.387037 0.112153 0.111111 0.068750
0 0.721296 0.108333 0.124074 0.076389
0 0.588889 0.027778 0.133333 0.054167
0 0.952778 0.032639 0.094444 0.063889
0 0.940278 0.111458 0.100926 0.063194
0 0.131481 0.214583 0.112963 0.065278
0 0.300000 0.198611 0.133333 0.090278
0 0.570833 0.175694 0.137963 0.098611
0 0.729167 0.225347 0.075000 0.103472
0 0.921759 0.226389 0.113889 0.056944
0 0.831481 0.285764 0.094444 0.084028
0 0.071296 0.323264 0.131481 0.057639
0 0.223148 0.307639 0.151852 0.065278
0 0.357870 0.330903 0.087963 0.063194
0 0.468981 0.385069 0.136111 0.061806
0 0.625463 0.345139 0.097222 0.065278
0 0.502315 0.272222 0.102778 0.068056
0 0.823148 0.378819 0.100000 0.071528
0 0.923611 0.357986 0.089815 0.063194
0 0.145833 0.444097 0.097222 0.059028
0 0.284259 0.413194 0.100000 0.048611
0 0.038889 0.473611 0.075926 0.056944
0 0.107870 0.535417 0.141667 0.059722
0 0.265741 0.522569 0.074074 0.029861
0 0.364815 0.481597 0.081481 0.057639
0 0.514815 0.491319 0.083333 0.042361
0 0.630556 0.510069 0.081481 0.049306
0 0.772222 0.503125 0.090741 0.056250
0 0.866204 0.517361 0.076852 0.043056
0 0.911574 0.566319 0.073148 0.045139
0 0.760648 0.438889 0.082407 0.052778
0 0.664352 0.441319 0.069444 0.043750
0 0.605556 0.563542 0.090741 0.057639
0 0.735185 0.600694 0.062963 0.023611
0 0.875926 0.646528 0.072222 0.030556
0 0.781019 0.669792 0.086111 0.029861
0 0.034722 0.627083 0.045370 0.027778
0 0.187500 0.609375 0.050926 0.032639
0 0.326852 0.600000 0.079630 0.047222
0 0.444444 0.596181 0.057407 0.038194
0 0.533796 0.635764 0.049074 0.032639
0 0.631481 0.643403 0.059259 0.027083
0 0.785648 0.732986 0.054630 0.025694
0 0.679630 0.718750 0.044444 0.027778
0 0.579167 0.729167 0.032407 0.027778
0 0.485185 0.690972 0.087037 0.048611
0 0.356019 0.679514 0.054630 0.038194
0 0.223611 0.678819 0.082407 0.035417
0 0.086574 0.687847 0.067593 0.028472
0 0.111574 0.763542 0.058333 0.028472
0 0.237963 0.753819 0.037037 0.024306
0 0.347222 0.764931 0.051852 0.022917
0 0.433333 0.759375 0.044444 0.032639
0 0.531944 0.782986 0.039815 0.024306
0 0.657407 0.785069 0.053704 0.031250
0 0.759722 0.789236 0.078704 0.039583
0 0.865741 0.787847 0.040741 0.024306
0 0.885185 0.720139 0.051852 0.033333
0 0.954167 0.784028 0.050926 0.033333
0 0.888426 0.841319 0.045370 0.025694
0 0.768981 0.844097 0.047222 0.025694
0 0.565278 0.842361 0.030556 0.023611
0 0.465278 0.829861 0.043519 0.027778
0 0.363889 0.843056 0.062963 0.036111
0 0.082870 0.821528 0.071296 0.030556
0 0.194444 0.813889 0.040741 0.026389
0 0.292593 0.812500 0.064815 0.033333
0 0.049537 0.870833 0.043519 0.022222
0 0.182407 0.868403 0.044444 0.018750
0 0.243519 0.900000 0.051852 0.027778
0 0.050000 0.944097 0.062963 0.039583
0 0.112037 0.961111 0.053704 0.026389
0 0.201852 0.945833 0.072222 0.029167
0 0.292130 0.957986 0.067593 0.038194
0 0.366667 0.969444 0.050000 0.019444
0 0.445370 0.967014 0.029630 0.022917
0 0.485185 0.942708 0.038889 0.025694
0 0.507870 0.888194 0.039815 0.026389
0 0.426852 0.879514 0.051852 0.022917
0 0.344907 0.895486 0.041667 0.027083
0 0.614352 0.890625 0.049074 0.029861
0 0.587037 0.929861 0.038889 0.033333
0 0.628704 0.954861 0.024074 0.022222
0 0.692593 0.960069 0.042593 0.025694
0 0.707870 0.894097 0.056481 0.035417
0 0.802315 0.886806 0.056481 0.036111
0 0.885648 0.887500 0.032407 0.026389
0 0.960185 0.890972 0.040741 0.023611
0 0.950000 0.942708 0.037037 0.024306
0 0.864815 0.976042 0.044444 0.025694
0 0.776852 0.955556 0.048148 0.030556
0 0.986111 0.723958 0.027778 0.034028
0 0.986111 0.652083 0.027778 0.025000
0 0.975926 0.560764 0.048148 0.042361
0 0.927315 0.453819 0.145370 0.071528
0 0.985648 0.846181 0.028704 0.025694
0 0.955093 0.297569 0.089815 0.140972
0 0.955556 0.037500 0.088889 0.073611
