15 0.062037 0.059722 0.122222 0.118056
15 0.429630 0.059028 0.125926 0.113889
15 0.643981 0.052083 0.169444 0.095833
15 0.832870 0.066319 0.128704 0.075694
15 0.977778 0.064583 0.044444 0.077778
15 0.044444 0.165625 0.087037 0.060417
15 0.155556 0.168056 0.064815 0.055556
15 0.531944 0.180208 0.123148 0.078472
15 0.689352 0.169792 0.143519 0.067361
15 0.871296 0.172917 0.077778 0.048611
15 0.982407 0.200000 0.035185 0.070833
15 0.605093 0.262153 0.093519 0.072917
15 0.074537 0.264931 0.117593 0.059028
15 0.040741 0.330208 0.079630 0.063194
15 0.054630 0.405903 0.107407 0.065972
15 0.032870 0.475000 0.063889 0.066667
15 0.086111 0.532292 0.087037 0.056250
15 0.180093 0.536806 0.093519 0.054167
15 0.242593 0.580903 0.053704 0.046528
15 0.330556 0.568403 0.101852 0.047917
15 0.424537 0.598958 0.099074 0.036806
15 0.512037 0.509028 0.062963 0.033333
15 0.331481 0.486458 0.059259 0.036806
15 0.208796 0.475694 0.123148 0.062500
15 0.151389 0.386806 0.108333 0.062500
15 0.303241 0.414583 0.093519 0.055556
15 0.418981 0.404514 0.082407 0.099306
15 0.516204 0.375694 0.121296 0.084722
15 0.649537 0.368403 0.123148 0.071528
15 0.818056 0.440972 0.125000 0.051389
15 0.711111 0.482639 0.079630 0.038889
15 0.586111 0.458333 0.138889 0.054167
15 0.603704 0.551042 0.087037 0.042361
15 0.724537 0.577778 0.125000 0.051389
15 0.881481 0.584375 0.074074 0.034028
15 0.838889 0.513889 0.088889 0.058333
15 0.958796 0.509028 0.082407 0.054167
15 0.981481 0.614931 0.037037 0.022917
15 0.918056 0.678472 0.052778 0.027778
15 0.794907 0.657986 0.052778 0.029861
15 0.662963 0.640972 0.053704 0.036111
15 0.542130 0.635069 0.071296 0.054861
15 0.371296 0.667014 0.046296 0.034028
15 0.272222 0.659375 0.070370 0.032639
15 0.183333 0.687847 0.094444 0.028472
15 0.098611 0.619444 0.052778 0.023611
15 0.025926 0.662500 0.050000 0.023611
15 0.105556 0.734028 0.053704 0.025000
15 0.023611 0.747222 0.045370 0.025000
15 0.012963 0.798264 0.024074 0.021528
15 0.121296 0.798264 0.074074 0.039583
15 0.055556 0.854514 0.046296 0.024306
15 0.030093 0.900694 0.058333 0.025000
15 0.025926 0.952778 0.050000 0.036111
15 0.122222 0.943056 0.048148 0.027778
15 0.129167 0.900000 0.052778 0.031944
15 0.267593 0.855556 0.059259 0.031944
15 0.218981 0.804514 0.082407 0.042361
15 0.225926 0.903125 0.053704 0.046528
15 0.225926 0.972222 0.042593 0.031944
15 0.164352 0.968056 0.036111 0.022222
15 0.327315 0.903472 0.058333 0.033333
15 0.307407 0.968750 0.038889 0.030556
15 0.400926 0.989236 0.062963 0.021528
15 0.486111 0.961111 0.035185 0.020833
15 0.487037 0.906944 0.046296 0.022222
15 0.400463 0.899653 0.039815 0.027083
15 0.386111 0.856250 0.038889 0.023611
15 0.319907 0.801389 0.034259 0.022222
15 0.417130 0.795833 0.045370 0.029167
15 0.211111 0.746181 0.070370 0.031250
15 0.306481 0.731944 0.068519 0.031944
15 0.420370 0.734028 0.037037 0.030556
15 0.497685 0.701736 0.047222 0.025694
15 0.553704 0.730556 0.042593 0.038889
15 0.618519 0.699653 0.061111 0.035417
15 0.605093 0.774306 0.084259 0.044444
15 0.500926 0.774653 0.037037 0.025694
15 0.539815 0.818403 0.051852 0.025694
15 0.480093 0.860764 0.036111 0.024306
15 0.567130 0.869097 0.028704 0.022917
15 0.583333 0.912500 0.040741 0.025000
15 0.601852 0.967708 0.033333 0.027083
15 0.700926 0.917014 0.040741 0.020139
15 0.736574 0.957639 0.054630 0.020833
15 0.753241 0.884722 0.047222 0.023611
15 0.737037 0.841667 0.044444 0.025000
15 0.848148 0.853819 0.081481 0.045139
15 0.849074 0.894444 0.042593 0.025000
15 0.857870 0.966319 0.026852 0.022917
15 0.637963 0.832639 0.044444 0.019444
15 0.921759 0.807639 0.039815 0.036111
15 0.939815 0.746528 0.031481 0.027778
15 0.929167 0.871875 0.019444 0.022917
15 0.939352 0.915625 0.023148 0.031250
15 0.860648 0.305208 0.278704 0.275694
15 0.273611 0.228125 0.349074 0.371528
15 0.773611 0.763889 0.254630 0.138889
