0 0.056944 0.027431 0.100926 0.053472
0 0.211111 0.024306 0.116667 0.047222
0 0.323611 0.064583 0.097222 0.098611
0 0.411111 0.089583 0.046296 0.038889
0 0.478241 0.017014 0.110185 0.032639
0 0.693519 0.062500 0.072222 0.081944
0 0.818519 0.068750 0.109259 0.090278
0 0.932870 0.089236 0.076852 0.070139
0 0.486111 0.109722 0.057407 0.052778
0 0.618519 0.158681 0.061111 0.067361
0 0.075463 0.129861 0.080556 0.070833
0 0.173148 0.143056 0.064815 0.073611
0 0.276852 0.150694 0.053704 0.077778
0 0.366204 0.200000 0.078704 0.086111
0 0.481944 0.212153 0.141667 0.077083
0 0.644907 0.236111 0.087963 0.051389
0 0.752315 0.253472 0.045370 0.043056
0 0.106481 0.257986 0.083333 0.084028
0 0.224074 0.261111 0.068519 0.059722
0 0.329167 0.284375 0.063889 0.057639
0 0.458333 0.318750 0.094444 0.055556
0 0.334259 0.352083 0.087037 0.044444
0 0.216204 0.385417 0.106481 0.059722
0 0.040741 0.365972 0.079630 0.048611
0 0.008333 0.268056 0.014815 0.052778
0 0.400000 0.389583 0.081481 0.041667
0 0.342593 0.446875 0.057407 0.028472
0 0.195833 0.449306 0.063889 0.044444
0 0.102778 0.488889 0.083333 0.052778
0 0.286111 0.495139 0.094444 0.045833
0 0.443981 0.505903 0.078704 0.031250
0 0.016204 0.458681 0.030556 0.050694
0 0.027778 0.583333 0.053704 0.029167
0 0.131019 0.576389 0.060185 0.025000
0 0.202315 0.532639 0.049074 0.029167
0 0.221759 0.597222 0.091667 0.031944
0 0.303704 0.568403 0.029630 0.034028
0 0.400000 0.556597 0.055556 0.045139
0 0.030556 0.670139 0.059259 0.047222
0 0.112037 0.674653 0.053704 0.038194
0 0.205556 0.667708 0.079630 0.045139
0 0.366667 0.607292 0.079630 0.027083
0 0.435185 0.609722 0.061111 0.036111
0 0.303704 0.677431 0.038889 0.029861
0 0.422685 0.687153 0.050926 0.034028
0 0.095833 0.726389 0.049074 0.034722
0 0.240278 0.730903 0.052778 0.036806
0 0.365278 0.728819 0.058333 0.038194
0 0.303704 0.771528 0.062963 0.026389
0 0.412963 0.783333 0.053704 0.030556
0 0.363426 0.819444 0.039815 0.030556
0 0.244907 0.823264 0.043519 0.032639
0 0.117593 0.819792 0.053704 0.031250
0 0.016667 0.813889 0.031481 0.020833
0 0.053704 0.768056 0.059259 0.029167
0 0.010185 0.721181 0.018519 0.014583
0 0.193519 0.779167 0.053704 0.022222
0 0.195370 0.865278 0.031481 0.020833
0 0.299074 0.864236 0.057407 0.027083
0 0.424074 0.863542 0.046296 0.029861
0 0.065278 0.916319 0.052778 0.029861
0 0.145833 0.914931 0.067593 0.050694
0 0.006481 0.920833 0.011111 0.023611
0 0.221759 0.936806 0.052778 0.029167
0 0.321296 0.920486 0.053704 0.024306
0 0.415278 0.939583 0.032407 0.031944
0 0.542130 0.943403 0.049074 0.028472
0 0.515278 0.842014 0.045370 0.027083
0 0.536111 0.799306 0.051852 0.027778
0 0.540741 0.730556 0.068519 0.036111
0 0.553704 0.672222 0.055556 0.038889
0 0.549537 0.615278 0.082407 0.034722
0 0.551389 0.509722 0.056481 0.030556
0 0.716667 0.159375 0.088889 0.070139
0 0.801389 0.165625 0.078704 0.050694
0 0.886111 0.157639 0.075926 0.070833
0 0.976389 0.180556 0.047222 0.076389
0 0.854630 0.253819 0.096296 0.067361
0 0.641667 0.294792 0.072222 0.042361
0 0.764352 0.310764 0.097222 0.054861
0 0.945833 0.312500 0.056481 0.044444
0 0.586574 0.352778 0.050926 0.033333
0 0.692130 0.387153 0.095370 0.032639
0 0.794907 0.381944 0.099074 0.068056
0 0.925463 0.395833 0.149074 0.087500
0 0.608333 0.450000 0.079630 0.043056
0 0.736111 0.458681 0.081481 0.038194
0 0.835185 0.462500 0.085185 0.061111
0 0.952315 0.468750 0.075000 0.047222
0 0.669907 0.512153 0.091667 0.038194
0 0.871759 0.527083 0.067593 0.040278
0 0.609259 0.561111 0.059259 0.033333
0 0.706944 0.567708 0.076852 0.038194
0 0.787963 0.581944 0.057407 0.023611
0 0.905093 0.580903 0.067593 0.036806
0 0.647685 0.681597 0.076852 0.025694
0 0.731944 0.633681 0.062037 0.050694
0 0.848148 0.638889 0.064815 0.041667
0 0.914352 0.668750 0.050926 0.029167
0 0.906481 0.735417 0.070370 0.040278
0 0.820370 0.729167 0.072222 0.044444
0 0.761111 0.687500 0.037037 0.033333
0 0.979630 0.691667 0.040741 0.026389
0 0.970833 0.528125 0.058333 0.038194
0 0.996759 0.596181 0.006481 0.020139
0 0.633333 0.732986 0.053704 0.032639
0 0.703241 0.789583 0.065741 0.034722
0 0.731944 0.835764 0.058333 0.036806
0 0.605093 0.846528 0.047222 0.025000
0 0.830093 0.843403 0.054630 0.020139
0 0.806944 0.792014 0.060185 0.049306
0 0.914815 0.849653 0.042593 0.022917
0 0.905556 0.796181 0.057407 0.034028
0 0.628241 0.909722 0.045370 0.023611
0 0.747222 0.931597 0.050000 0.028472
0 0.918056 0.946528 0.056481 0.033333
0 0.976852 0.955903 0.044444 0.024306
0 0.978704 0.793750 0.042593 0.025000
0 0.989352 0.738889 0.021296 0.018056
