0 0.094907 0.081944 0.078704 0.038889
0 0.194444 0.079167 0.055556 0.045833
0 0.268981 0.134722 0.052778 0.050000
0 0.387500 0.128125 0.039815 0.060417
0 0.453241 0.070486 0.075000 0.042361
0 0.519444 0.111458 0.059259 0.046528
0 0.608796 0.072917 0.073148 0.045833
0 0.746296 0.073611 0.050000 0.068056
0 0.684259 0.150694 0.066667 0.045833
0 0.805556 0.152083 0.059259 0.047222
0 0.460185 0.186111 0.061111 0.044444
0 0.343519 0.197917 0.066667 0.040278
0 0.220833 0.207986 0.078704 0.042361
0 0.106944 0.207986 0.084259 0.043750
0 0.052778 0.272569 0.044444 0.053472
0 0.164815 0.272917 0.061111 0.052778
0 0.265741 0.258333 0.074074 0.036111
0 0.393981 0.260417 0.063889 0.037500
0 0.512963 0.251736 0.072222 0.042361
0 0.620833 0.237500 0.056481 0.038889
0 0.728704 0.235069 0.061111 0.043750
0 0.866204 0.225000 0.058333 0.045833
0 0.932407 0.139931 0.066667 0.042361
0 0.987037 0.078819 0.025926 0.063194
0 0.980556 0.204861 0.038889 0.033333
0 0.931944 0.290972 0.069444 0.050000
0 0.794907 0.303819 0.045370 0.043750
0 0.669907 0.314931 0.047222 0.034028
0 0.614815 0.373264 0.070370 0.039583
0 0.725000 0.377083 0.046296 0.048611
0 0.846759 0.371528 0.069444 0.047222
0 0.964815 0.367014 0.062963 0.045139
0 0.445833 0.322569 0.065741 0.039583
0 0.321759 0.328472 0.049074 0.048611
0 0.213889 0.331944 0.061111 0.038889
0 0.159259 0.389583 0.048148 0.041667
0 0.279167 0.389583 0.058333 0.048611
0 0.121296 0.451389 0.055556 0.045833
0 0.340741 0.447222 0.053704 0.034722
0 0.447685 0.447569 0.065741 0.052083
0 0.517130 0.486111 0.063889 0.038889
0 0.669907 0.451042 0.069444 0.039583
0 0.784259 0.447222 0.059259 0.041667
0 0.903241 0.431597 0.058333 0.034028
0 0.990278 0.410417 0.019444 0.029167
0 0.616204 0.516319 0.075000 0.028472
0 0.147685 0.561458 0.058333 0.032639
0 0.290741 0.501389 0.051852 0.033333
0 0.347685 0.559028 0.047222 0.044444
0 0.300463 0.606250 0.050926 0.025000
0 0.464352 0.541319 0.063889 0.035417
0 0.516204 0.596181 0.045370 0.043750
0 0.721759 0.516667 0.060185 0.034722
0 0.845370 0.504861 0.040741 0.050000
0 0.961574 0.507639 0.067593 0.041667
0 0.896296 0.568056 0.090741 0.034722
0 0.790278 0.567014 0.060185 0.031250
0 0.668056 0.572222 0.058333 0.030556
0 0.727778 0.635069 0.085185 0.035417
0 0.838426 0.637500 0.056481 0.023611
0 0.950926 0.636806 0.066667 0.050000
0 0.618981 0.630556 0.041667 0.018056
0 0.677315 0.688542 0.049074 0.028472
0 0.770833 0.694097 0.056481 0.022917
0 0.166204 0.668403 0.049074 0.035417
0 0.266667 0.664583 0.053704 0.022222
0 0.360185 0.661806 0.033333 0.026389
0 0.416667 0.702778 0.051852 0.026389
0 0.515278 0.696875 0.039815 0.032639
0 0.475926 0.756597 0.050000 0.040972
0 0.523148 0.800347 0.038889 0.025694
0 0.625926 0.742708 0.029630 0.021528
0 0.669444 0.798264 0.035185 0.025694
0 0.784259 0.804514 0.050000 0.035417
0 0.126852 0.714583 0.055556 0.022222
0 0.225000 0.711806 0.025926 0.013889
0 0.279630 0.764583 0.050000 0.034722
0 0.369444 0.756597 0.051852 0.028472
0 0.240278 0.808333 0.037963 0.016667
0 0.133796 0.811806 0.054630 0.027778
0 0.139815 0.881944 0.046296 0.038889
0 0.235185 0.880903 0.044444 0.021528
0 0.335185 0.881597 0.068519 0.031250
0 0.379167 0.853819 0.049074 0.029861
0 0.476852 0.845833 0.040741 0.027778
0 0.528704 0.878472 0.031481 0.020833
0 0.618519 0.838194 0.048148 0.022222
0 0.260185 0.950000 0.068519 0.043056
0 0.340741 0.941667 0.068519 0.045833
0 0.466667 0.921528 0.048148 0.036111
0 0.522222 0.950347 0.051852 0.035417
0 0.658796 0.888889 0.052778 0.029167
0 0.655556 0.939236 0.055556 0.029861
0 0.590278 0.977778 0.047222 0.027778
0 0.734722 0.950694 0.052778 0.036111
0 0.768056 0.888889 0.060185 0.037500
0 0.875926 0.895139 0.044444 0.025000
0 0.864815 0.954861 0.072222 0.030556
0 0.835648 0.745486 0.037963 0.027083
0 0.940278 0.740972 0.039815 0.016667
0 0.934722 0.844444 0.067593 0.041667
0 0.887500 0.803125 0.054630 0.039583
0 0.977778 0.892014 0.044444 0.034028
0 0.973148 0.948958 0.038889 0.027083
0 0.012500 0.926736 0.023148 0.028472
