0 0.023148 0.107292 0.044444 0.060417
0 0.104167 0.027778 0.067593 0.054167
0 0.296296 0.094444 0.088889 0.050000
0 0.763889 0.110417 0.092593 0.054167
0 0.816667 0.188542 0.075926 0.053472
0 0.678704 0.192014 0.048148 0.065972
0 0.552315 0.190972 0.091667 0.058333
0 0.605093 0.282986 0.039815 0.047917
0 0.734722 0.274306 0.080556 0.045833
0 0.800000 0.342014 0.066667 0.054861
0 0.659259 0.353125 0.090741 0.046528
0 0.479630 0.283333 0.051852 0.059722
0 0.362500 0.340278 0.073148 0.050000
0 0.255556 0.334375 0.075926 0.045139
0 0.125000 0.338194 0.072222 0.045833
0 0.176389 0.254167 0.082407 0.055556
0 0.052778 0.273611 0.083333 0.044444
0 0.100926 0.189583 0.066667 0.052778
0 0.534259 0.359722 0.038889 0.052778
0 0.311574 0.414931 0.075000 0.042361
0 0.008333 0.354167 0.014815 0.033333
0 0.062500 0.417361 0.080556 0.033333
0 0.182870 0.417014 0.086111 0.047917
0 0.028241 0.489236 0.054630 0.035417
0 0.128704 0.483333 0.066667 0.044444
0 0.254167 0.475694 0.060185 0.037500
0 0.367130 0.468750 0.041667 0.048611
0 0.473148 0.426389 0.059259 0.048611
0 0.583333 0.424306 0.072222 0.041667
0 0.719444 0.420486 0.062963 0.049306
0 0.891667 0.479167 0.068519 0.048611
0 0.940741 0.551042 0.057407 0.035417
0 0.246296 0.185764 0.070370 0.057639
0 0.096296 0.554861 0.075926 0.029167
0 0.202778 0.550347 0.059259 0.025694
0 0.322685 0.543403 0.063889 0.034028
0 0.481481 0.565278 0.072222 0.030556
0 0.525463 0.503125 0.062037 0.038194
0 0.643519 0.495833 0.057407 0.048611
0 0.706481 0.562153 0.064815 0.031250
0 0.858796 0.615625 0.080556 0.039583
0 0.756481 0.621875 0.042593 0.039583
0 0.690278 0.675347 0.045370 0.031250
0 0.738889 0.729861 0.044444 0.026389
0 0.369907 0.602778 0.056481 0.029167
0 0.260185 0.609722 0.050000 0.041667
0 0.158333 0.618403 0.059259 0.032639
0 0.054630 0.618056 0.061111 0.033333
0 0.012963 0.672222 0.024074 0.019444
0 0.168519 0.716667 0.044444 0.040278
0 0.064815 0.729861 0.046296 0.031944
0 0.139815 0.776389 0.075926 0.026389
0 0.091204 0.822222 0.049074 0.026389
0 0.530093 0.623611 0.076852 0.029167
0 0.475000 0.673958 0.044444 0.022917
0 0.538426 0.736458 0.060185 0.036806
0 0.379630 0.720139 0.055556 0.040278
0 0.311111 0.664931 0.070370 0.039583
0 0.006944 0.901042 0.012037 0.022917
0 0.014815 0.962153 0.027778 0.042361
0 0.095370 0.898958 0.037037 0.028472
0 0.145833 0.866319 0.056481 0.028472
0 0.240741 0.861458 0.042593 0.032639
0 0.231481 0.772569 0.035185 0.031250
0 0.199074 0.901042 0.048148 0.022917
0 0.183796 0.962500 0.036111 0.031944
0 0.264352 0.954514 0.045370 0.022917
0 0.004630 0.825694 0.007407 0.023611
0 0.006944 0.569444 0.012037 0.013889
0 0.331944 0.771528 0.052778 0.025000
0 0.284722 0.817361 0.041667 0.018056
0 0.377778 0.816319 0.040741 0.022917
0 0.390278 0.893750 0.036111 0.031944
0 0.632407 0.732639 0.035185 0.019444
0 0.844444 0.723611 0.037037 0.027778
0 0.953241 0.726736 0.060185 0.040972
0 0.923148 0.820139 0.046296 0.025000
0 0.781019 0.780903 0.049074 0.027083
0 0.686111 0.779514 0.035185 0.034028
0 0.630093 0.827083 0.052778 0.034722
0 0.618519 0.905556 0.053704 0.026389
0 0.485648 0.777083 0.058333 0.034722
0 0.525463 0.828472 0.045370 0.026389
0 0.548148 0.972917 0.057407 0.027778
0 0.371759 0.958333 0.058333 0.033333
0 0.736574 0.960764 0.060185 0.043750
0 0.926852 0.960764 0.068519 0.035417
0 0.773611 0.868403 0.043519 0.029861
0 0.872685 0.867014 0.060185 0.024306
0 0.516667 0.898958 0.042593 0.025694
