0 0.055556 0.135764 0.050000 0.061806
0 0.256481 0.037847 0.062963 0.057639
0 0.552778 0.044444 0.059259 0.051389
0 0.629167 0.089236 0.071296 0.043750
0 0.829167 0.068403 0.058333 0.050694
0 0.114815 0.210069 0.057407 0.039583
0 0.231944 0.206597 0.056481 0.036806
0 0.354630 0.208333 0.066667 0.054167
0 0.285648 0.155903 0.052778 0.059028
0 0.400463 0.144097 0.032407 0.052083
0 0.450463 0.192014 0.065741 0.042361
0 0.541667 0.148264 0.053704 0.039583
0 0.601389 0.219792 0.043519 0.047917
0 0.769907 0.159722 0.050926 0.058333
0 0.883333 0.163542 0.066667 0.038194
0 0.821759 0.222222 0.065741 0.041667
0 0.761111 0.294444 0.050000 0.050000
0 0.870833 0.281944 0.052778 0.052778
0 0.645370 0.297917 0.062963 0.038889
0 0.543056 0.293403 0.049074 0.043750
0 0.412963 0.269097 0.040741 0.050694
0 0.289815 0.269097 0.057407 0.034028
0 0.019907 0.204861 0.037963 0.037500
0 0.058333 0.285069 0.061111 0.043750
0 0.178241 0.278819 0.050926 0.042361
0 0.116667 0.347222 0.040741 0.040278
0 0.247685 0.341667 0.067593 0.043056
0 0.352778 0.335069 0.064815 0.036806
0 0.452315 0.344792 0.034259 0.042361
0 0.013426 0.352083 0.025000 0.027778
0 0.061574 0.412153 0.050926 0.045139
0 0.180093 0.410069 0.067593 0.040972
0 0.280556 0.409375 0.050000 0.036806
0 0.391667 0.406597 0.048148 0.035417
0 0.710648 0.222222 0.065741 0.040278
0 0.692593 0.357986 0.051852 0.045139
0 0.590741 0.361458 0.072222 0.039583
0 0.812037 0.349306 0.061111 0.038889
0 0.535648 0.418750 0.047222 0.034722
0 0.630556 0.416319 0.055556 0.032639
0 0.742593 0.422917 0.055556 0.038889
0 0.682870 0.481944 0.037963 0.031944
0 0.787037 0.473611 0.072222 0.036111
0 0.441667 0.460417 0.072222 0.038889
0 0.339815 0.457639 0.068519 0.037500
0 0.235648 0.466667 0.054630 0.029167
0 0.125000 0.479861 0.061111 0.040278
0 0.580093 0.482292 0.063889 0.038194
0 0.028241 0.479861 0.054630 0.036111
0 0.078704 0.543056 0.057407 0.030556
0 0.008333 0.539583 0.014815 0.018056
0 0.192593 0.534028 0.037037 0.043056
0 0.294907 0.536806 0.065741 0.034722
0 0.397222 0.526042 0.037037 0.027083
0 0.440278 0.584028 0.062037 0.029167
0 0.538889 0.548958 0.061111 0.032639
0 0.630556 0.549306 0.062963 0.031944
0 0.241204 0.592708 0.086111 0.032639
0 0.147685 0.590625 0.058333 0.028472
0 0.031019 0.595139 0.060185 0.031944
0 0.092593 0.653472 0.081481 0.030556
0 0.196759 0.654861 0.056481 0.020833
0 0.299074 0.656597 0.057407 0.049306
0 0.388426 0.646528 0.050926 0.033333
0 0.440278 0.694792 0.052778 0.025694
0 0.528704 0.655208 0.051852 0.035417
0 0.588426 0.605556 0.065741 0.048611
0 0.626852 0.654861 0.038889 0.029167
0 0.729167 0.657292 0.034259 0.021528
0 0.686111 0.598264 0.074074 0.034028
0 0.781481 0.602083 0.038889 0.034722
0 0.741204 0.543750 0.047222 0.037500
0 0.046296 0.706250 0.046296 0.025000
0 0.137037 0.710764 0.048148 0.022917
0 0.201389 0.759722 0.036111 0.026389
0 0.297222 0.753819 0.038889 0.020139
0 0.392130 0.753125 0.050926 0.024306
0 0.436111 0.796181 0.051852 0.029861
0 0.007407 0.759722 0.012963 0.026389
0 0.049074 0.812153 0.038889 0.024306
0 0.013426 0.851736 0.025000 0.025694
0 0.158333 0.816319 0.048148 0.032639
0 0.044907 0.898958 0.054630 0.025694
0 0.036574 0.947569 0.060185 0.027083
0 0.112037 0.958333 0.050000 0.034722
0 0.146296 0.899306 0.057407 0.034722
0 0.249074 0.901389 0.046296 0.025000
0 0.236574 0.960417 0.065741 0.030556
0 0.338426 0.952083 0.034259 0.026389
0 0.345370 0.896875 0.040741 0.029861
0 0.297685 0.851736 0.062037 0.040972
0 0.253241 0.813194 0.050926 0.040278
0 0.390741 0.847917 0.035185 0.025000
0 0.439815 0.892708 0.061111 0.029861
0 0.412500 0.955903 0.041667 0.059028
0 0.577315 0.710069 0.060185 0.028472
0 0.673148 0.710764 0.050000 0.027083
0 0.772685 0.705903 0.037963 0.024306
0 0.724074 0.759375 0.051852 0.022917
0 0.625000 0.754167 0.037037 0.037500
0 0.532407 0.760417 0.031481 0.026389
0 0.518519 0.846875 0.037037 0.028472
0 0.557870 0.893750 0.030556 0.029167
0 0.483333 0.960069 0.068519 0.049306
0 0.611111 0.941319 0.051852 0.039583
0 0.682407 0.959028 0.046296 0.029167
0 0.670370 0.813542 0.046296 0.028472
0 0.575000 0.813542 0.059259 0.039583
0 0.610185 0.852431 0.050000 0.038194
0 0.654630 0.894444 0.037037 0.033333
0 0.717593 0.857639 0.048148 0.043056
0 0.796296 0.958333 0.055556 0.029167
0 0.948611 0.959028 0.060185 0.030556
0 0.931481 0.890972 0.055556 0.026389
0 0.847222 0.889931 0.038889 0.032639
0 0.800926 0.857986 0.044444 0.039583
0 0.769444 0.801389 0.037037 0.037500
0 0.862963 0.800000 0.037037 0.027778
0 0.895833 0.846528 0.050926 0.027778
0 0.904167 0.752778 0.056481 0.029167
0 0.862500 0.699306 0.065741 0.022222
0 0.919907 0.648611 0.041667 0.030556
0 0.827778 0.650000 0.053704 0.036111
0 0.869444 0.594444 0.055556 0.031944
0 0.939815 0.532986 0.061111 0.034028
0 0.832870 0.538194 0.062037 0.030556
0 0.887500 0.463889 0.067593 0.033333
0 0.940278 0.414931 0.063889 0.025694
0 0.842130 0.419097 0.075000 0.029861
0 0.915278 0.340625 0.063889 0.035417
0 0.983796 0.281597 0.032407 0.043750
0 0.981481 0.156250 0.037037 0.036111
