0 0.131481 0.065278 0.161111 0.129167
0 0.817130 0.072569 0.199074 0.136806
0 0.938889 0.274653 0.100000 0.121528
0 0.650000 0.272222 0.116667 0.134722
0 0.375926 0.402083 0.166667 0.119444
0 0.131019 0.386111 0.180556 0.101389
0 0.250463 0.571181 0.176852 0.096528
0 0.023611 0.587500 0.045370 0.073611
0 0.104630 0.711111 0.142593 0.081944
0 0.024074 0.882292 0.046296 0.057639
0 0.256019 0.867361 0.149074 0.083333
0 0.622222 0.600000 0.135185 0.112500
0 0.770833 0.444444 0.095370 0.125000
0 0.887963 0.594097 0.174074 0.099306
0 0.739352 0.779861 0.147222 0.093056
0 0.629167 0.926042 0.165741 0.078472
