0 0.202315 0.057292 0.084259 0.054861
0 0.326852 0.061806 0.101852 0.059722
0 0.398148 0.114583 0.057407 0.048611
0 0.569444 0.083333 0.092593 0.045833
0 0.686574 0.115972 0.089815 0.062500
0 0.832407 0.103819 0.096296 0.057639
0 0.966667 0.101389 0.066667 0.050000
0 0.943981 0.222222 0.089815 0.066667
0 0.830556 0.217708 0.064815 0.056250
0 0.823148 0.359028 0.061111 0.047222
0 0.931944 0.351389 0.091667 0.050000
0 0.708796 0.240278 0.093519 0.047222
0 0.765278 0.296528 0.076852 0.040278
0 0.648148 0.297569 0.081481 0.040972
0 0.765278 0.429514 0.054630 0.050694
0 0.966667 0.414931 0.066667 0.046528
0 0.543056 0.308681 0.069444 0.043750
0 0.599074 0.235764 0.061111 0.052083
0 0.568519 0.195833 0.077778 0.044444
0 0.453241 0.210764 0.065741 0.046528
0 0.353704 0.206250 0.100000 0.056944
0 0.430093 0.276736 0.060185 0.050694
0 0.466204 0.351389 0.054630 0.050000
0 0.596296 0.374306 0.059259 0.034722
0 0.650926 0.431944 0.055556 0.047222
0 0.696759 0.488194 0.095370 0.034722
0 0.814352 0.490625 0.073148 0.056250
0 0.868056 0.544097 0.063889 0.050694
0 0.412037 0.412500 0.072222 0.040278
0 0.460648 0.469444 0.067593 0.036111
0 0.548611 0.547917 0.050926 0.037500
0 0.356944 0.347222 0.047222 0.040278
0 0.306481 0.280208 0.050000 0.047917
0 0.234259 0.209722 0.103704 0.070833
0 0.192593 0.288542 0.081481 0.049306
0 0.118981 0.229861 0.060185 0.056944
0 0.067593 0.285764 0.064815 0.036806
0 0.148611 0.351736 0.067593 0.043750
0 0.204167 0.423611 0.065741 0.047222
0 0.311111 0.416319 0.081481 0.042361
0 0.597685 0.604861 0.062037 0.038889
0 0.712500 0.602778 0.076852 0.044444
0 0.750000 0.661458 0.092593 0.038194
0 0.794907 0.721528 0.054630 0.030556
0 0.840741 0.769792 0.077778 0.036806
0 0.937500 0.772222 0.058333 0.030556
0 0.962500 0.817361 0.050926 0.029167
0 0.918519 0.869444 0.051852 0.029167
0 0.953704 0.912847 0.059259 0.031250
0 0.787500 0.828472 0.047222 0.031944
0 0.878704 0.822569 0.068519 0.032639
0 0.979630 0.710417 0.040741 0.037500
0 0.960185 0.651389 0.068519 0.052778
0 0.985185 0.586806 0.029630 0.037500
0 0.957407 0.532986 0.079630 0.034028
0 0.912963 0.590278 0.062963 0.038889
0 0.809722 0.594444 0.078704 0.038889
0 0.853241 0.656250 0.056481 0.037500
0 0.558333 0.658681 0.048148 0.034028
0 0.654167 0.661111 0.069444 0.045833
0 0.686111 0.712500 0.064815 0.036111
0 0.593519 0.727778 0.075926 0.036111
0 0.647685 0.779514 0.043519 0.034028
0 0.544444 0.767361 0.055556 0.037500
0 0.581944 0.825694 0.054630 0.025000
0 0.635648 0.864931 0.084259 0.039583
0 0.684259 0.911458 0.044444 0.027083
0 0.786111 0.913194 0.040741 0.023611
0 0.862037 0.913542 0.050000 0.029861
0 0.871296 0.958333 0.061111 0.030556
0 0.746759 0.774653 0.067593 0.042361
0 0.762963 0.546875 0.083333 0.046528
0 0.918981 0.482986 0.086111 0.042361
0 0.646296 0.541319 0.066667 0.040972
0 0.591667 0.498611 0.085185 0.041667
0 0.455556 0.578125 0.059259 0.029861
0 0.430556 0.643750 0.074074 0.033333
0 0.463889 0.706597 0.053704 0.032639
0 0.424074 0.759722 0.055556 0.026389
0 0.452315 0.809375 0.036111 0.032639
0 0.375926 0.701389 0.068519 0.036111
0 0.324537 0.652778 0.062037 0.036111
0 0.371759 0.587847 0.049074 0.038194
0 0.417130 0.524653 0.084259 0.045139
0 0.217593 0.534028 0.081481 0.048611
0 0.318519 0.528472 0.081481 0.027778
0 0.175463 0.592361 0.056481 0.040278
0 0.280556 0.590625 0.075926 0.043750
0 0.232870 0.652778 0.052778 0.047222
0 0.271759 0.709028 0.097222 0.043056
0 0.247222 0.765972 0.096296 0.036111
0 0.189815 0.830208 0.046296 0.032639
0 0.366667 0.817014 0.066667 0.025694
0 0.420833 0.862153 0.084259 0.031250
0 0.457407 0.903819 0.059259 0.036806
0 0.545833 0.866319 0.054630 0.042361
0 0.586574 0.915972 0.062037 0.048611
0 0.062963 0.595833 0.064815 0.044444
0 0.129630 0.657292 0.057407 0.034028
0 0.177315 0.715625 0.052778 0.042361
0 0.141667 0.767361 0.061111 0.030556
0 0.087500 0.825694 0.050926 0.033333
0 0.141667 0.867014 0.044444 0.035417
0 0.099537 0.912500 0.056481 0.031944
0 0.156944 0.482639 0.073148 0.033333
0 0.271759 0.482986 0.097222 0.053472
0 0.366204 0.475347 0.069444 0.052083
0 0.549537 0.441319 0.054630 0.035417
0 0.043056 0.090972 0.084259 0.065278
0 0.693981 0.041319 0.089815 0.068750
0 0.040278 0.361111 0.078704 0.050000
0 0.047222 0.485764 0.072222 0.046528
0 0.021296 0.541667 0.038889 0.048611
0 0.238426 0.864583 0.056481 0.033333
0 0.328241 0.863194 0.052778 0.030556
0 0.294907 0.905903 0.054630 0.022917
0 0.375926 0.909028 0.055556 0.023611
0 0.056481 0.945833 0.079630 0.043056
0 0.151389 0.950694 0.043519 0.030556
0 0.250000 0.949653 0.072222 0.047917
0 0.344444 0.948958 0.051852 0.034028
0 0.456481 0.956944 0.081481 0.034722
0 0.618519 0.961806 0.062963 0.027778
0 0.671296 0.988889 0.061111 0.022222
0 0.754167 0.969444 0.063889 0.031944
0 0.082870 0.714236 0.050926 0.032639
0 0.050000 0.770833 0.066667 0.026389
0 0.057870 0.868056 0.076852 0.047222
0 0.034722 0.654861 0.052778 0.047222
0 0.736111 0.870486 0.068519 0.046528
