0 0.469907 0.240972 0.091667 0.056944
0 0.589352 0.232292 0.091667 0.056250
0 0.683333 0.219444 0.079630 0.069444
0 0.893519 0.196875 0.096296 0.077083
0 0.852778 0.274306 0.103704 0.072222
0 0.969907 0.286111 0.060185 0.075000
0 0.958796 0.375694 0.082407 0.059722
0 0.954630 0.439236 0.053704 0.063194
0 0.574537 0.319792 0.089815 0.047917
0 0.715741 0.336111 0.079630 0.055556
0 0.857407 0.357986 0.072222 0.052083
0 0.802778 0.436111 0.094444 0.040278
0 0.875463 0.517014 0.075000 0.057639
0 0.937500 0.582292 0.067593 0.040972
0 0.841667 0.566319 0.072222 0.039583
0 0.763889 0.492708 0.090741 0.050694
0 0.637963 0.420486 0.105556 0.045139
0 0.649537 0.513542 0.050926 0.049306
0 0.566204 0.487847 0.106481 0.050694
0 0.296759 0.236458 0.099074 0.064583
0 0.125463 0.237847 0.099074 0.071528
0 0.188426 0.337500 0.082407 0.051389
0 0.295833 0.334722 0.093519 0.037500
0 0.483796 0.326736 0.084259 0.050694
0 0.452778 0.486111 0.066667 0.045833
0 0.348611 0.539236 0.076852 0.057639
0 0.425926 0.569792 0.072222 0.056250
0 0.586111 0.580208 0.057407 0.052083
0 0.691667 0.571181 0.083333 0.035417
0 0.685648 0.641667 0.063889 0.051389
0 0.202315 0.441667 0.049074 0.045833
0 0.120833 0.412847 0.075000 0.047917
0 0.031481 0.382639 0.061111 0.061111
0 0.022222 0.304861 0.042593 0.065278
0 0.863426 0.122917 0.076852 0.069444
0 0.930093 0.079167 0.121296 0.052778
0 0.988889 0.140278 0.022222 0.045833
0 0.645833 0.051389 0.113889 0.075000
0 0.580093 0.104861 0.047222 0.066667
0 0.461111 0.138194 0.072222 0.079167
0 0.306019 0.063194 0.080556 0.080556
0 0.318519 0.143056 0.094444 0.055556
0 0.167593 0.124306 0.090741 0.065278
0 0.121296 0.056250 0.107407 0.061111
0 0.018981 0.073611 0.036111 0.069444
0 0.380556 0.355556 0.092593 0.043056
0 0.547685 0.638889 0.049074 0.037500
0 0.462500 0.061458 0.080556 0.060417
0 0.375926 0.284028 0.085185 0.059722
0 0.369907 0.438542 0.056481 0.040972
0 0.299074 0.412500 0.066667 0.045833
0 0.486111 0.408333 0.092593 0.045833
0 0.276389 0.504514 0.076852 0.063194
0 0.189815 0.536806 0.068519 0.054167
0 0.025463 0.492708 0.049074 0.068750
0 0.037963 0.575694 0.074074 0.048611
0 0.043981 0.663542 0.075000 0.034028
0 0.135648 0.619444 0.041667 0.045833
0 0.250926 0.644792 0.077778 0.045139
0 0.381019 0.639583 0.106481 0.048611
0 0.309259 0.587500 0.083333 0.054167
0 0.463889 0.619792 0.059259 0.029861
0 0.499537 0.568750 0.078704 0.055556
0 0.993519 0.589583 0.012963 0.033333
0 0.986111 0.719444 0.027778 0.033333
0 0.928704 0.665278 0.079630 0.070833
0 0.843981 0.645139 0.069444 0.045833
0 0.747222 0.683681 0.062963 0.043750
0 0.753241 0.734375 0.062037 0.040972
0 0.908796 0.732292 0.082407 0.046528
0 0.914352 0.773958 0.060185 0.017361
0 0.978241 0.771181 0.043519 0.029861
0 0.576389 0.711111 0.062037 0.041667
0 0.646759 0.698611 0.069444 0.047222
0 0.395833 0.694097 0.082407 0.045139
0 0.209259 0.768750 0.077778 0.019444
0 0.208796 0.707639 0.065741 0.041667
0 0.041667 0.748958 0.077778 0.052083
0 0.148148 0.742708 0.048148 0.040972
