0 0.112500 0.125000 0.186111 0.097222
0 0.445833 0.038194 0.084259 0.052778
0 0.439352 0.233681 0.126852 0.075694
0 0.704167 0.251736 0.099074 0.065972
0 0.805556 0.306597 0.127778 0.049306
0 0.967593 0.250347 0.064815 0.082639
0 0.980556 0.320833 0.038889 0.051389
0 0.890278 0.356597 0.130556 0.065972
0 0.282407 0.340625 0.083333 0.035417
0 0.514815 0.310069 0.181481 0.079861
0 0.622685 0.352431 0.075000 0.032639
0 0.428704 0.348264 0.105556 0.054861
0 0.262500 0.254514 0.106481 0.077083
0 0.137963 0.237153 0.098148 0.075694
0 0.021759 0.298611 0.041667 0.048611
0 0.093519 0.338194 0.127778 0.055556
0 0.100463 0.419444 0.123148 0.063889
0 0.306944 0.412500 0.108333 0.070833
0 0.448148 0.469097 0.098148 0.056250
0 0.593519 0.434722 0.066667 0.062500
0 0.699074 0.435417 0.085185 0.062500
0 0.807870 0.426042 0.075000 0.056250
0 0.935185 0.445139 0.096296 0.066667
0 0.987500 0.512153 0.025000 0.052083
0 0.991204 0.569792 0.017593 0.031250
0 0.967593 0.640972 0.064815 0.043056
0 0.986111 0.704167 0.027778 0.038889
0 0.911111 0.702083 0.057407 0.052778
0 0.814352 0.653125 0.097222 0.068750
0 0.816204 0.570833 0.082407 0.063889
0 0.846759 0.514583 0.071296 0.059722
0 0.741667 0.503472 0.087037 0.070833
0 0.633333 0.506250 0.070370 0.059722
0 0.462963 0.548958 0.061111 0.032639
0 0.576389 0.578472 0.065741 0.058333
0 0.668519 0.580208 0.085185 0.061806
0 0.745370 0.579514 0.064815 0.049306
0 0.717593 0.654861 0.044444 0.041667
0 0.614815 0.642014 0.094444 0.047917
0 0.467593 0.632292 0.138889 0.078472
0 0.360185 0.626042 0.077778 0.078472
0 0.281944 0.592361 0.063889 0.073611
0 0.323148 0.520139 0.087037 0.080556
0 0.224074 0.484028 0.107407 0.061111
0 0.100463 0.504861 0.104630 0.052778
0 0.019444 0.478125 0.037037 0.075694
0 0.097685 0.583681 0.076852 0.059028
0 0.190278 0.590625 0.067593 0.074306
0 0.224537 0.688889 0.076852 0.056944
0 0.321296 0.703125 0.079630 0.049306
0 0.446759 0.725694 0.102778 0.054167
0 0.620370 0.700000 0.070370 0.047222
0 0.116667 0.692361 0.092593 0.087500
0 0.018056 0.706597 0.034259 0.078472
0 0.683333 0.783333 0.098148 0.038889
0 0.785185 0.773958 0.111111 0.078472
0 0.921296 0.780208 0.157407 0.097917
0 0.968981 0.860069 0.062037 0.070139
0 0.848611 0.860764 0.093519 0.070139
0 0.743056 0.859028 0.086111 0.050000
0 0.575926 0.754514 0.061111 0.045139
0 0.391204 0.800347 0.093519 0.040972
0 0.324074 0.765278 0.096296 0.043056
0 0.211111 0.808681 0.114815 0.065972
0 0.038426 0.803125 0.075000 0.064583
0 0.959722 0.981250 0.080556 0.030556
0 0.986574 0.930556 0.026852 0.027778
0 0.906944 0.926736 0.086111 0.057639
0 0.736574 0.985417 0.095370 0.029167
0 0.837037 0.990625 0.081481 0.018750
0 0.682870 0.921528 0.110185 0.052778
0 0.606944 0.857292 0.102778 0.050694
0 0.331944 0.862847 0.060185 0.043750
0 0.438426 0.928819 0.102778 0.049306
0 0.391204 0.982986 0.078704 0.034028
0 0.555093 0.934375 0.078704 0.045139
0 0.271296 0.932292 0.111111 0.054861
0 0.181481 0.877431 0.075926 0.050694
0 0.081019 0.934722 0.100926 0.072222
0 0.181481 0.980208 0.083333 0.039583
0 0.394444 0.537847 0.053704 0.038194
0 0.924537 0.579514 0.104630 0.075694
0 0.630556 0.982986 0.088889 0.034028
