0 0.105556 0.079167 0.170370 0.072222
0 0.392593 0.120833 0.144444 0.094444
0 0.094444 0.166319 0.148148 0.081250
0 0.127315 0.256250 0.130556 0.090278
0 0.041204 0.329167 0.080556 0.056944
0 0.132870 0.363889 0.099074 0.065278
0 0.270833 0.319792 0.112037 0.086806
0 0.267593 0.198611 0.137037 0.130556
0 0.750463 0.052431 0.141667 0.103472
0 0.945833 0.146875 0.080556 0.090972
0 0.783333 0.168056 0.107407 0.104167
0 0.889815 0.217361 0.127778 0.120833
0 0.704167 0.218750 0.060185 0.052778
0 0.710648 0.333681 0.106481 0.054861
0 0.826389 0.318056 0.106481 0.105556
0 0.943056 0.329514 0.113889 0.095139
0 0.484259 0.248264 0.438889 0.303472
0 0.074537 0.476389 0.147222 0.123611
0 0.288426 0.425694 0.212037 0.156944
0 0.496296 0.431944 0.140741 0.081944
0 0.671759 0.443403 0.206481 0.117361
0 0.636574 0.532292 0.110185 0.065972
0 0.753704 0.537153 0.075926 0.067361
0 0.659259 0.617014 0.114815 0.061806
0 0.587963 0.673611 0.105556 0.072222
0 0.487963 0.630208 0.092593 0.096528
0 0.326389 0.593403 0.147222 0.088194
0 0.152315 0.558681 0.115741 0.059028
0 0.087500 0.634028 0.136111 0.091667
0 0.268519 0.685417 0.116667 0.077778
0 0.043056 0.742708 0.084259 0.074306
0 0.136111 0.742708 0.101852 0.072917
0 0.253241 0.788542 0.150926 0.081250
0 0.066667 0.829861 0.131481 0.059722
0 0.156019 0.898264 0.102778 0.084028
0 0.048611 0.957292 0.095370 0.046528
0 0.306481 0.902431 0.118519 0.064583
0 0.448148 0.912847 0.112963 0.061806
0 0.463889 0.833333 0.085185 0.061111
0 0.557407 0.831944 0.075926 0.063889
0 0.606019 0.767708 0.117593 0.074306
0 0.709722 0.738194 0.106481 0.066667
0 0.851389 0.755208 0.126852 0.064583
0 0.962963 0.748958 0.074074 0.102083
0 0.887963 0.846528 0.085185 0.068056
0 0.745370 0.835764 0.157407 0.089583
0 0.704630 0.908681 0.103704 0.063194
0 0.765741 0.959028 0.081481 0.054167
0 0.856019 0.947569 0.108333 0.071528
0 0.950926 0.967361 0.098148 0.054167
0 0.425000 0.971181 0.112963 0.057639
0 0.402778 0.741667 0.101852 0.075000
0 0.828704 0.582639 0.342593 0.341667
0 0.446759 0.534028 0.150926 0.070833
0 0.493056 0.445833 0.156481 0.095833
