0 0.061574 0.105903 0.075000 0.086806
0 0.137963 0.202431 0.125926 0.071528
0 0.520370 0.125694 0.120370 0.083333
0 0.870370 0.069444 0.081481 0.077778
0 0.844444 0.219097 0.077778 0.089583
0 0.477778 0.277431 0.096296 0.064583
0 0.363889 0.227431 0.129630 0.078472
0 0.043056 0.287153 0.084259 0.084028
0 0.143519 0.366667 0.075926 0.058333
0 0.347222 0.351736 0.118519 0.050694
0 0.566204 0.358681 0.071296 0.074306
0 0.823611 0.378819 0.052778 0.042361
0 0.989352 0.423264 0.021296 0.072917
0 0.019444 0.381597 0.037037 0.047917
0 0.108333 0.449306 0.096296 0.077778
0 0.183333 0.509722 0.088889 0.050000
0 0.320370 0.426736 0.090741 0.075694
0 0.414352 0.486806 0.130556 0.077778
0 0.582870 0.498958 0.115741 0.093750
0 0.808796 0.468056 0.052778 0.086111
0 0.957407 0.543403 0.085185 0.065972
0 0.881481 0.641319 0.085185 0.056250
0 0.038889 0.587153 0.075926 0.043750
0 0.022222 0.708681 0.042593 0.040972
0 0.198611 0.690625 0.106481 0.039583
0 0.406944 0.627778 0.082407 0.047222
0 0.563889 0.623611 0.085185 0.038889
0 0.768056 0.734375 0.058333 0.060417
0 0.932870 0.848958 0.082407 0.072917
0 0.989815 0.767708 0.020370 0.068750
0 0.551389 0.748958 0.091667 0.054861
0 0.394907 0.747569 0.093519 0.042361
0 0.314815 0.795486 0.079630 0.052083
0 0.395370 0.865278 0.068519 0.068056
0 0.612037 0.816667 0.077778 0.055556
0 0.582870 0.927083 0.075000 0.051389
0 0.759722 0.938889 0.069444 0.051389
0 0.961111 0.969792 0.077778 0.052083
0 0.211111 0.842361 0.055556 0.040278
0 0.047685 0.879861 0.058333 0.043056
0 0.200463 0.988542 0.082407 0.022917
