0 0.944444 0.031597 0.085185 0.061806
0 0.725000 0.103472 0.098148 0.097222
0 0.960185 0.118403 0.079630 0.071528
0 0.323148 0.137153 0.116667 0.093750
0 0.470370 0.216319 0.103704 0.092361
0 0.730093 0.202431 0.100926 0.084028
0 0.862963 0.207292 0.098148 0.079861
0 0.612037 0.284722 0.161111 0.081944
0 0.795833 0.304167 0.089815 0.047222
0 0.963426 0.293750 0.073148 0.062500
0 0.152315 0.257639 0.302778 0.191667
0 0.407870 0.353125 0.069444 0.071528
0 0.695370 0.362153 0.096296 0.049306
0 0.893981 0.377431 0.099074 0.079861
0 0.950926 0.440625 0.079630 0.052083
0 0.617593 0.438542 0.109259 0.056250
0 0.775926 0.520486 0.096296 0.043750
0 0.930093 0.627083 0.089815 0.047222
0 0.718519 0.650694 0.072222 0.045833
0 0.487500 0.630556 0.067593 0.045833
0 0.351389 0.514931 0.069444 0.049306
0 0.361111 0.709722 0.070370 0.029167
0 0.224537 0.756250 0.052778 0.041667
0 0.182870 0.837153 0.100926 0.034028
0 0.444444 0.805556 0.072222 0.038889
0 0.539352 0.771875 0.089815 0.043750
0 0.564815 0.834722 0.070370 0.043056
0 0.731019 0.820139 0.067593 0.037500
0 0.909259 0.777083 0.062963 0.037500
0 0.228241 0.937153 0.117593 0.046528
0 0.364352 0.932639 0.084259 0.038889
0 0.472685 0.939236 0.086111 0.059028
0 0.688426 0.957292 0.086111 0.039583
0 0.862500 0.935069 0.073148 0.042361
0 0.037963 0.821528 0.074074 0.048611
0 0.059259 0.950347 0.064815 0.050694
