0 0.429774 0.058203 0.038715 0.035677
0 0.481944 0.055208 0.027778 0.029687
0 0.309549 0.236458 0.029167 0.036458
0 0.411198 0.226432 0.014410 0.026823
0 0.413976 0.309375 0.022743 0.033333
0 0.055556 0.525521 0.018403 0.028125
0 0.886198 0.331380 0.016840 0.035677
0 0.953906 0.343620 0.040104 0.133073
0 0.831858 0.085026 0.026215 0.050781
0 0.702431 0.417318 0.033333 0.021615
0 0.638108 0.528516 0.024826 0.026823
0 0.639323 0.582422 0.021354 0.024740
0 0.701910 0.569401 0.022222 0.035677
0 0.630990 0.688542 0.048090 0.053646
0 0.621267 0.751693 0.036632 0.038802
0 0.537674 0.837630 0.045139 0.054427
0 0.419705 0.778385 0.020313 0.020833
0 0.499479 0.643880 0.033333 0.046094
0 0.571875 0.586198 0.018403 0.027604
0 0.544618 0.688542 0.040278 0.052083
0 0.461632 0.925130 0.055556 0.058073
0 0.401042 0.933984 0.036806 0.038802
0 0.446441 0.593229 0.036285 0.046354
0 0.513889 0.594271 0.018403 0.026042
0 0.579080 0.531120 0.053646 0.044010
0 0.641840 0.473698 0.036111 0.036458
0 0.740538 0.558984 0.012326 0.017969
0 0.765885 0.664323 0.023438 0.029167
0 0.857812 0.433333 0.020833 0.022396
0 0.940972 0.070573 0.017361 0.027604
0 0.985243 0.273047 0.029514 0.073698
0 0.978733 0.527344 0.041146 0.079687
0 0.986979 0.623047 0.026042 0.056510
0 0.469010 0.847266 0.018924 0.020052
0 0.543924 0.766276 0.028819 0.039323
0 0.637847 0.419141 0.010417 0.022135
0 0.585764 0.024740 0.023264 0.043229
0 0.665625 0.012891 0.032292 0.022135
0 0.437500 0.035156 0.033333 0.038542
0 0.486372 0.021354 0.032813 0.024479
0 0.615278 0.908333 0.028819 0.039583
0 0.696701 0.747266 0.013889 0.023698
0 0.386892 0.612630 0.020313 0.047656
0 0.452865 0.547135 0.027257 0.031250
0 0.512934 0.536328 0.036285 0.039323
0 0.344444 0.081771 0.097222 0.038021
0 0.252257 0.092448 0.097222 0.050521
0 0.034462 0.599219 0.043576 0.086458
0 0.653819 0.179688 0.020486 0.028125
0 0.620747 0.152474 0.024826 0.034115
0 0.614323 0.187240 0.026562 0.027083
0 0.597483 0.372656 0.032813 0.061458
