0 0.134703 0.161631 0.128869 0.089298
0 0.231355 0.112340 0.125824 0.089298
0 0.269280 0.158423 0.094115 0.047772
0 0.603754 0.059926 0.188229 0.119514
0 0.818113 0.031651 0.051750 0.035280
0 0.838026 0.103562 0.058092 0.057562
0 0.464992 0.167876 0.087773 0.056887
0 0.408422 0.218180 0.099442 0.061951
0 0.344876 0.264939 0.082445 0.052836
0 0.320649 0.320223 0.078133 0.043552
0 0.581811 0.314905 0.133181 0.058238
0 0.092339 0.442269 0.072045 0.068197
0 0.069508 0.646185 0.064434 0.030385
0 0.150558 0.707039 0.031710 0.019750
0 0.018772 0.457039 0.037037 0.024477
0 0.580036 0.173194 0.056063 0.042201
0 0.842719 0.260466 0.050736 0.042201
0 0.798833 0.293467 0.075089 0.039332
0 0.968037 0.293467 0.047692 0.023801
0 0.929985 0.393653 0.058346 0.058406
0 0.785642 0.377110 0.048706 0.026671
0 0.670472 0.352211 0.059361 0.045746
0 0.706875 0.400743 0.045408 0.042876
0 0.790462 0.604659 0.089802 0.034436
0 0.654617 0.668298 0.105784 0.040851
0 0.847032 0.670746 0.061390 0.038656
0 0.368721 0.717927 0.092085 0.030385
0 0.226535 0.735905 0.059361 0.056212
0 0.294774 0.626097 0.062405 0.023970
0 0.865931 0.549460 0.107813 0.032411
0 0.882420 0.582546 0.049467 0.039500
0 0.969559 0.634200 0.050736 0.044227
0 0.985921 0.353055 0.028158 0.022113
0 0.927829 0.451722 0.056063 0.036462
0 0.909944 0.476283 0.053780 0.037981
