0 0.208753 0.472995 0.044769 0.107201
0 0.321680 0.840016 0.026157 0.040917
0 0.443410 0.344108 0.073441 0.194763
0 0.375503 0.383388 0.033199 0.049100
0 0.248742 0.193944 0.025151 0.035188
0 0.130533 0.097381 0.062374 0.112111
0 0.156942 0.055237 0.025654 0.032733
0 0.243712 0.082242 0.038229 0.042553
0 0.208501 0.106792 0.021127 0.039280
0 0.173038 0.245090 0.073944 0.127660
0 0.218561 0.278232 0.043260 0.089198
0 0.290493 0.282733 0.080483 0.158756
0 0.359155 0.126432 0.106137 0.139116
0 0.728119 0.222177 0.087525 0.186579
0 0.940895 0.349018 0.081489 0.114566
0 0.695926 0.450900 0.041247 0.043372
0 0.607394 0.488134 0.073441 0.075286
0 0.686620 0.841653 0.030684 0.037643
0 0.317970 0.011764 0.015468 0.023118
0 0.381288 0.014218 0.040744 0.028028
0 0.620976 0.112930 0.027163 0.051555
0 0.512324 0.156301 0.039235 0.031915
0 0.530810 0.107508 0.185362 0.214607
0 0.779552 0.064955 0.174799 0.129501
