0 0.022743 0.167187 0.045139 0.078125
0 0.161719 0.337630 0.069965 0.089844
0 0.139583 0.533333 0.069444 0.110937
0 0.098524 0.708984 0.079340 0.052865
0 0.282205 0.843229 0.053993 0.083333
0 0.438281 0.767708 0.067535 0.103646
0 0.628299 0.874870 0.062500 0.139323
0 0.732812 0.584635 0.062500 0.100521
0 0.946441 0.689193 0.064062 0.075781
0 0.897309 0.327214 0.087674 0.180990
0 0.513628 0.378516 0.038715 0.101823
0 0.340538 0.128255 0.115104 0.132552
0 0.335764 0.550781 0.060069 0.142708
0 0.612587 0.094010 0.103646 0.187500
