0 0.044125 0.270916 0.050250 0.029443
0 0.216875 0.305296 0.033750 0.019569
0 0.318125 0.244165 0.041750 0.028725
0 0.338125 0.291203 0.029750 0.021903
0 0.356125 0.333034 0.023750 0.018671
0 0.219375 0.188420 0.058250 0.046858
0 0.275875 0.193178 0.038250 0.025135
0 0.135625 0.162388 0.053750 0.029982
0 0.340000 0.162478 0.029500 0.026930
0 0.040750 0.147666 0.081000 0.084919
0 0.218500 0.020826 0.056500 0.041293
0 0.197375 0.438330 0.160750 0.125135
0 0.149250 0.508618 0.027500 0.017594
0 0.199375 0.531239 0.030250 0.021544
0 0.245625 0.553321 0.038750 0.025494
0 0.292125 0.570197 0.049750 0.042011
0 0.320000 0.527379 0.034000 0.028187
0 0.212500 0.743896 0.042000 0.018133
0 0.301125 0.689228 0.052250 0.025853
0 0.299375 0.787343 0.030250 0.019928
0 0.347750 0.814004 0.033000 0.021544
0 0.397500 0.829443 0.029500 0.020108
0 0.048875 0.876481 0.045250 0.026930
0 0.024375 0.905386 0.048250 0.032675
0 0.051500 0.714632 0.102500 0.061939
0 0.557875 0.743537 0.028750 0.017415
0 0.579000 0.769479 0.026500 0.014722
0 0.577750 0.718402 0.025500 0.014542
0 0.599625 0.743896 0.029250 0.017774
0 0.569875 0.646768 0.031250 0.018492
0 0.442875 0.687702 0.073250 0.074865
0 0.709875 0.495601 0.052750 0.020287
0 0.694250 0.519749 0.064000 0.029443
0 0.737500 0.536266 0.046000 0.025135
0 0.753750 0.561849 0.048500 0.024237
0 0.759250 0.584650 0.032500 0.021364
0 0.377250 0.428366 0.033000 0.023339
0 0.423750 0.379892 0.035000 0.023698
0 0.672875 0.360772 0.048750 0.026032
0 0.639500 0.311490 0.048000 0.041652
0 0.522875 0.290126 0.038750 0.022621
0 0.454375 0.314183 0.038750 0.024776
0 0.582750 0.160323 0.208500 0.192819
0 0.743625 0.171544 0.051750 0.048294
0 0.525375 0.017504 0.047750 0.027469
0 0.684250 0.070826 0.236000 0.141293
0 0.635625 0.563375 0.031250 0.020108
0 0.533500 0.538689 0.040000 0.015619
0 0.549375 0.564273 0.030250 0.010772
0 0.725375 0.669838 0.043250 0.015440
0 0.693500 0.686625 0.044000 0.012388
0 0.791000 0.619659 0.065000 0.032496
0 0.843875 0.607451 0.042250 0.026032
0 0.955625 0.626481 0.057250 0.033214
0 0.902250 0.184470 0.064500 0.052244
0 0.933125 0.203680 0.056250 0.033573
0 0.805000 0.216068 0.050000 0.054039
0 0.878500 0.304219 0.065500 0.047935
0 0.830375 0.346320 0.046250 0.025853
0 0.835250 0.424686 0.050500 0.034291
0 0.860625 0.496499 0.099750 0.087792
0 0.911375 0.468671 0.027250 0.021724
0 0.755375 0.758528 0.084750 0.047397
0 0.818875 0.805386 0.023250 0.015081
