0 0.151963 0.114335 0.052932 0.034557
0 0.051441 0.344907 0.102386 0.073743
0 0.303057 0.313409 0.083250 0.093419
0 0.374379 0.358300 0.109095 0.082672
0 0.474404 0.042163 0.172962 0.083995
0 0.788892 0.168981 0.207505 0.153770
0 0.911158 0.040344 0.177684 0.080357
0 0.789389 0.430308 0.134940 0.105655
0 0.682903 0.964782 0.086481 0.066138
0 0.942470 0.924024 0.115060 0.095734
0 0.182654 0.891782 0.049702 0.029597
0 0.165383 0.929894 0.056412 0.017857
0 0.227510 0.649471 0.061382 0.036706
0 0.558648 0.305473 0.103877 0.080522
0 0.224901 0.971974 0.043241 0.025959
0 0.095179 0.960483 0.067097 0.066138
0 0.022863 0.888062 0.045229 0.054233
