0 0.007870 0.088194 0.013889 0.043056
0 0.191204 0.126042 0.065741 0.046528
0 0.120370 0.200347 0.085185 0.040972
0 0.016204 0.214583 0.030556 0.030556
0 0.053241 0.282986 0.067593 0.046528
0 0.008796 0.365625 0.015741 0.029861
0 0.110648 0.352778 0.084259 0.037500
0 0.043981 0.424653 0.086111 0.039583
0 0.016667 0.492361 0.031481 0.038889
0 0.125000 0.495833 0.075926 0.051389
0 0.058796 0.557292 0.087963 0.046528
0 0.065741 0.682986 0.037037 0.024306
0 0.014352 0.757639 0.026852 0.019444
0 0.141667 0.748264 0.042593 0.021528
0 0.086574 0.819792 0.056481 0.045139
0 0.022685 0.872917 0.037963 0.026389
0 0.090741 0.928125 0.035185 0.022917
0 0.210185 0.928472 0.087037 0.045833
0 0.372222 0.957639 0.068519 0.036111
0 0.349537 0.885764 0.071296 0.046528
0 0.203241 0.803819 0.049074 0.025694
0 0.200926 0.673264 0.068519 0.032639
0 0.303241 0.489931 0.062037 0.040972
0 0.199074 0.416319 0.083333 0.042361
0 0.281019 0.357292 0.093519 0.071528
0 0.192130 0.278472 0.089815 0.052778
0 0.298611 0.182292 0.102778 0.045139
0 0.403704 0.167014 0.053704 0.043750
0 0.378704 0.009028 0.090741 0.016667
0 0.400926 0.325347 0.061111 0.046528
0 0.484259 0.321875 0.100000 0.039583
0 0.461574 0.246181 0.039815 0.054861
0 0.524074 0.180208 0.103704 0.054861
0 0.514815 0.094097 0.072222 0.057639
0 0.685185 0.087847 0.066667 0.057639
0 0.743981 0.021875 0.089815 0.042361
0 0.628704 0.178472 0.079630 0.045833
0 0.582870 0.246528 0.073148 0.050000
0 0.693056 0.243056 0.058333 0.055556
0 0.662500 0.307986 0.075000 0.036806
0 0.535185 0.371181 0.066667 0.045139
0 0.664352 0.373611 0.060185 0.055556
0 0.483796 0.448611 0.071296 0.037500
0 0.369907 0.423611 0.075000 0.036111
0 0.418056 0.509722 0.054630 0.026389
0 0.546296 0.511458 0.064815 0.038194
0 0.656019 0.525347 0.089815 0.034028
0 0.349074 0.577778 0.059259 0.054167
0 0.549537 0.606597 0.030556 0.027083
0 0.429630 0.645486 0.044444 0.029861
0 0.681019 0.619097 0.050926 0.038194
0 0.443519 0.761806 0.038889 0.033333
0 0.501852 0.701736 0.053704 0.036806
0 0.424537 0.819444 0.075000 0.031944
0 0.645833 0.703819 0.056481 0.040972
0 0.629167 0.782986 0.050926 0.024306
0 0.549074 0.794792 0.085185 0.036806
0 0.320833 0.781944 0.060185 0.036111
0 0.508796 0.880556 0.037963 0.030556
0 0.624537 0.953819 0.045370 0.027083
0 0.639352 0.884375 0.073148 0.027083
0 0.899074 0.021875 0.075926 0.042361
0 0.926389 0.104514 0.102778 0.050694
0 0.880093 0.234375 0.091667 0.054861
0 0.978241 0.203819 0.034259 0.024306
0 0.760185 0.306944 0.059259 0.040278
0 0.917593 0.334028 0.075926 0.047222
0 0.745833 0.398611 0.073148 0.041667
0 0.856481 0.446181 0.051852 0.043750
0 0.979167 0.375694 0.041667 0.047222
0 0.774537 0.527778 0.078704 0.037500
0 0.977778 0.501389 0.044444 0.033333
0 0.806944 0.620139 0.065741 0.031944
0 0.755556 0.719444 0.037037 0.033333
0 0.868056 0.707292 0.058333 0.045139
0 0.984722 0.659722 0.030556 0.030556
0 0.739815 0.805903 0.033333 0.027083
0 0.900463 0.800694 0.060185 0.036111
0 0.757870 0.882292 0.073148 0.032639
0 0.878704 0.881944 0.064815 0.023611
0 0.756019 0.956250 0.060185 0.027778
0 0.867593 0.955208 0.057407 0.022917
