0 0.153704 0.040278 0.064815 0.048611
0 0.064352 0.083333 0.065741 0.045833
0 0.327315 0.012847 0.047222 0.024306
0 0.461111 0.011458 0.072222 0.021528
0 0.620370 0.012500 0.077778 0.023611
0 0.784259 0.048611 0.070370 0.052778
0 0.385185 0.052431 0.055556 0.057639
0 0.557870 0.093056 0.080556 0.052778
0 0.454630 0.151389 0.079630 0.044444
0 0.312500 0.161111 0.060185 0.054167
0 0.188426 0.157292 0.078704 0.046528
0 0.191204 0.252083 0.084259 0.063889
0 0.052315 0.226389 0.043519 0.050000
0 0.070833 0.296875 0.063889 0.031250
0 0.124537 0.350347 0.058333 0.071528
0 0.057407 0.392361 0.061111 0.055556
0 0.206019 0.318750 0.076852 0.040278
0 0.306944 0.272569 0.102778 0.046528
0 0.444907 0.290278 0.136111 0.062500
0 0.500463 0.222222 0.086111 0.045833
0 0.561574 0.163889 0.086111 0.079167
0 0.628241 0.211111 0.060185 0.041667
0 0.688426 0.158681 0.084259 0.052083
0 0.881944 0.192014 0.069444 0.050694
0 0.814352 0.262847 0.069444 0.036806
0 0.560648 0.275347 0.080556 0.038194
0 0.689815 0.274653 0.040741 0.039583
0 0.744907 0.339236 0.058333 0.045139
0 0.612500 0.335069 0.082407 0.035417
0 0.495370 0.342361 0.072222 0.037500
0 0.391667 0.346875 0.077778 0.040972
0 0.322222 0.398264 0.062963 0.040972
0 0.876389 0.327431 0.060185 0.052083
0 0.961574 0.281597 0.052778 0.039583
0 0.980556 0.365625 0.038889 0.035417
0 0.783796 0.400347 0.071296 0.039583
0 0.664352 0.410764 0.045370 0.036806
0 0.546296 0.410069 0.057407 0.049306
0 0.436574 0.404861 0.062037 0.041667
0 0.373148 0.464583 0.055556 0.033333
0 0.476852 0.472222 0.075926 0.034722
0 0.606019 0.470833 0.045370 0.027778
0 0.722685 0.467708 0.028704 0.034028
0 0.172222 0.436111 0.070370 0.043056
0 0.316667 0.521528 0.057407 0.033333
0 0.426389 0.535069 0.056481 0.043750
0 0.547222 0.529167 0.064815 0.037500
0 0.168519 0.520486 0.059259 0.052083
0 0.182407 0.604861 0.025926 0.019444
0 0.070833 0.547917 0.058333 0.026389
0 0.050926 0.606250 0.035185 0.020833
0 0.326852 0.662500 0.051852 0.044444
0 0.050000 0.488194 0.085185 0.043056
0 0.121296 0.709722 0.051852 0.026389
0 0.221296 0.699653 0.051852 0.034028
0 0.446759 0.655208 0.060185 0.043750
0 0.377315 0.594792 0.084259 0.039583
0 0.492130 0.590972 0.069444 0.030556
0 0.563426 0.652431 0.060185 0.034028
0 0.501852 0.719097 0.044444 0.034028
0 0.375463 0.722917 0.062037 0.030556
0 0.089352 0.823611 0.052778 0.026389
0 0.179630 0.817708 0.051852 0.047917
0 0.135185 0.866319 0.042593 0.021528
0 0.326852 0.794792 0.072222 0.050694
0 0.392130 0.835764 0.069444 0.043750
0 0.443981 0.785764 0.052778 0.038194
0 0.564352 0.779861 0.037963 0.038889
0 0.508796 0.834028 0.052778 0.036111
0 0.616667 0.828819 0.048148 0.025694
0 0.669444 0.769097 0.044444 0.032639
0 0.611111 0.710417 0.035185 0.018056
0 0.668056 0.651042 0.041667 0.018750
0 0.617593 0.587847 0.050000 0.036806
0 0.670370 0.535069 0.037037 0.042361
0 0.727778 0.585069 0.072222 0.031250
0 0.790278 0.522222 0.062037 0.029167
0 0.845833 0.577431 0.056481 0.032639
0 0.793056 0.646528 0.043519 0.026389
0 0.726852 0.702778 0.053704 0.026389
0 0.848148 0.696181 0.064815 0.031250
0 0.729167 0.825694 0.084259 0.044444
0 0.787963 0.765278 0.040741 0.020833
0 0.845833 0.814931 0.039815 0.028472
0 0.790741 0.879514 0.066667 0.029861
0 0.341667 0.899306 0.074074 0.036111
0 0.450000 0.898958 0.061111 0.039583
0 0.392593 0.960069 0.044444 0.031250
0 0.512963 0.951389 0.044444 0.027778
0 0.563889 0.894097 0.090741 0.047917
0 0.622685 0.953472 0.067593 0.054167
0 0.846296 0.935417 0.046296 0.041667
0 0.927315 0.849653 0.063889 0.040972
0 0.148148 0.923611 0.037037 0.023611
0 0.237037 0.907986 0.064815 0.022917
0 0.130556 0.969097 0.057407 0.038194
0 0.869444 0.459722 0.077778 0.051389
0 0.958796 0.520139 0.080556 0.037500
0 0.980556 0.670486 0.027778 0.021528
0 0.976852 0.786111 0.037037 0.026389
