0 0.888426 0.926042 0.128704 0.068750
0 0.637963 0.931944 0.166667 0.077778
0 0.347685 0.941667 0.152778 0.065278
0 0.128241 0.931250 0.162037 0.077778
0 0.212963 0.771181 0.120370 0.060417
0 0.478241 0.769444 0.178704 0.077778
0 0.758796 0.761111 0.132407 0.100000
0 0.980556 0.754167 0.038889 0.069444
0 0.900926 0.610764 0.172222 0.113194
0 0.616667 0.606944 0.175926 0.065278
0 0.336111 0.618750 0.133333 0.081944
0 0.111111 0.587153 0.105556 0.129861
0 0.227778 0.465972 0.105556 0.098611
0 0.356019 0.307639 0.113889 0.133333
0 0.114815 0.305208 0.170370 0.109028
0 0.225000 0.124653 0.131481 0.135417
0 0.505556 0.125347 0.094444 0.111806
0 0.657407 0.300694 0.170370 0.105556
0 0.477315 0.464931 0.125000 0.081250
0 0.803704 0.434375 0.137037 0.097917
0 0.929167 0.248264 0.141667 0.127083
0 0.798611 0.118750 0.139815 0.115278
0 0.658796 0.013542 0.095370 0.025694
0 0.095370 0.008681 0.050000 0.015972
0 0.400000 0.006597 0.066667 0.011806
