0 0.292130 0.024653 0.087963 0.047917
0 0.421296 0.045139 0.124074 0.088889
0 0.653704 0.027431 0.159259 0.053472
0 0.781481 0.046528 0.105556 0.084722
0 0.905556 0.027778 0.138889 0.054167
0 0.174537 0.116667 0.117593 0.076389
0 0.368056 0.104514 0.097222 0.053472
0 0.542130 0.111806 0.086111 0.044444
0 0.634722 0.120139 0.069444 0.062500
0 0.832407 0.138542 0.116667 0.045139
0 0.911574 0.068056 0.093519 0.047222
0 0.970833 0.137153 0.056481 0.078472
0 0.857870 0.194792 0.102778 0.032639
0 0.722222 0.184028 0.055556 0.037500
0 0.631019 0.177778 0.076852 0.036111
0 0.431944 0.165278 0.060185 0.073611
0 0.286111 0.184028 0.081481 0.061111
0 0.207870 0.221528 0.078704 0.040278
0 0.119444 0.169792 0.070370 0.053472
0 0.047685 0.215278 0.069444 0.034722
0 0.136574 0.255903 0.060185 0.046528
0 0.388426 0.227431 0.075000 0.034028
0 0.552315 0.226389 0.071296 0.037500
0 0.663426 0.251042 0.087963 0.031250
0 0.781019 0.254514 0.045370 0.028472
0 0.165278 0.299653 0.089815 0.049306
0 0.305556 0.297917 0.033333 0.036111
0 0.435648 0.288889 0.082407 0.037500
0 0.585185 0.292014 0.050000 0.043750
0 0.137037 0.352778 0.055556 0.040278
0 0.181944 0.388889 0.049074 0.023611
0 0.245833 0.368750 0.169444 0.086111
0 0.280556 0.402778 0.053704 0.022222
0 0.413889 0.340625 0.077778 0.053472
0 0.517130 0.365278 0.080556 0.111111
0 0.647222 0.345139 0.064815 0.044444
0 0.773148 0.351042 0.188889 0.117361
0 0.893519 0.317014 0.062963 0.032639
0 0.924537 0.404514 0.084259 0.082639
0 0.567130 0.404167 0.054630 0.051389
0 0.018981 0.367014 0.036111 0.049306
0 0.120370 0.423611 0.094444 0.058333
0 0.332870 0.429861 0.075000 0.051389
0 0.143056 0.483333 0.119444 0.061111
0 0.245370 0.475000 0.088889 0.041667
0 0.354167 0.488194 0.030556 0.031944
0 0.014352 0.442361 0.026852 0.044444
0 0.024537 0.491319 0.047222 0.038194
0 0.020370 0.553819 0.038889 0.042361
0 0.053704 0.615972 0.066667 0.047222
0 0.031019 0.669444 0.036111 0.019444
0 0.069907 0.724306 0.047222 0.022222
0 0.050463 0.766319 0.049074 0.018750
0 0.016204 0.820139 0.030556 0.016667
0 0.019907 0.884722 0.030556 0.019444
0 0.022685 0.935069 0.019444 0.015972
0 0.109722 0.942708 0.041667 0.021528
0 0.101852 0.891319 0.027778 0.021528
0 0.112500 0.825000 0.128704 0.052778
0 0.183333 0.810764 0.042593 0.028472
0 0.205556 0.767361 0.064815 0.031944
0 0.165278 0.717708 0.028704 0.018750
0 0.159259 0.630208 0.075926 0.047917
0 0.181481 0.589583 0.088889 0.045833
0 0.209722 0.530903 0.060185 0.034028
0 0.316667 0.524306 0.087037 0.051389
0 0.274537 0.585417 0.050926 0.029167
0 0.245833 0.640278 0.028704 0.019444
0 0.268519 0.688194 0.064815 0.033333
0 0.264352 0.741319 0.037963 0.025694
0 0.265741 0.806597 0.050000 0.034028
0 0.236111 0.839236 0.042593 0.020139
0 0.200926 0.882986 0.029630 0.018750
0 0.214352 0.921875 0.036111 0.015972
0 0.247685 0.964931 0.034259 0.031250
0 0.334259 0.960764 0.064815 0.032639
0 0.287500 0.923611 0.049074 0.020833
0 0.285185 0.880208 0.031481 0.024306
0 0.379630 0.928472 0.046296 0.029167
0 0.411574 0.959028 0.021296 0.015278
0 0.371296 0.876042 0.038889 0.018750
0 0.322222 0.840625 0.029630 0.015972
0 0.326852 0.772222 0.048148 0.026389
0 0.376389 0.806597 0.049074 0.025694
0 0.361111 0.734028 0.053704 0.023611
0 0.358796 0.684375 0.056481 0.027083
0 0.362963 0.581597 0.081481 0.039583
0 0.429630 0.470833 0.107407 0.068056
0 0.450463 0.410069 0.082407 0.053472
0 0.539352 0.463542 0.087963 0.075694
0 0.441667 0.524653 0.103704 0.059028
0 0.521296 0.544097 0.087037 0.064583
0 0.443519 0.578472 0.035185 0.023611
0 0.492130 0.641319 0.052778 0.043750
0 0.450926 0.690972 0.083333 0.038889
0 0.428241 0.762153 0.054630 0.028472
0 0.462963 0.812847 0.042593 0.034028
0 0.443981 0.848611 0.045370 0.019444
0 0.498148 0.870139 0.048148 0.019444
0 0.446296 0.904167 0.051852 0.019444
0 0.450000 0.943056 0.055556 0.029167
0 0.544444 0.957986 0.055556 0.035417
0 0.536111 0.919444 0.029630 0.016667
0 0.618981 0.980903 0.067593 0.022917
0 0.711111 0.971528 0.033333 0.015278
0 0.628241 0.926389 0.034259 0.022222
0 0.593056 0.882986 0.036111 0.021528
0 0.550926 0.827431 0.066667 0.038194
0 0.629630 0.840625 0.055556 0.024306
0 0.742130 0.904167 0.041667 0.027778
0 0.716667 0.855208 0.022222 0.017361
0 0.625463 0.793750 0.034259 0.019444
0 0.546296 0.773264 0.051852 0.032639
0 0.542593 0.727083 0.062963 0.025000
0 0.636111 0.738542 0.051852 0.022917
0 0.576852 0.675000 0.057407 0.044444
0 0.653241 0.690625 0.032407 0.021528
0 0.637963 0.609375 0.098148 0.040972
0 0.654167 0.538194 0.087963 0.038889
0 0.663889 0.469097 0.100000 0.070139
0 0.749074 0.507292 0.122222 0.071528
0 0.851389 0.497222 0.067593 0.056944
0 0.972222 0.494444 0.050000 0.041667
0 0.735648 0.571528 0.060185 0.054167
0 0.842593 0.581250 0.105556 0.050000
0 0.934259 0.566667 0.090741 0.051389
0 0.761574 0.662500 0.050926 0.030556
0 0.876852 0.670139 0.079630 0.034722
0 0.972222 0.632986 0.055556 0.031250
0 0.725463 0.723611 0.058333 0.031944
0 0.788426 0.747222 0.052778 0.027778
0 0.864815 0.739931 0.055556 0.022917
0 0.989815 0.709375 0.020370 0.028472
0 0.775000 0.817014 0.059259 0.035417
0 0.979630 0.779514 0.040741 0.025694
0 0.871296 0.822917 0.048148 0.030556
0 0.981944 0.824653 0.036111 0.034028
0 0.797222 0.859028 0.044444 0.025000
0 0.890741 0.871875 0.046296 0.027083
0 0.960648 0.859722 0.045370 0.026389
0 0.827315 0.901389 0.062037 0.026389
0 0.961574 0.900694 0.043519 0.019444
0 0.790741 0.957986 0.048148 0.018750
0 0.849074 0.970486 0.061111 0.021528
0 0.913426 0.931597 0.052778 0.021528
0 0.911111 0.973611 0.046296 0.029167
0 0.993056 0.930903 0.013889 0.024306
0 0.040741 0.033333 0.079630 0.065278
0 0.921759 0.246528 0.097222 0.050000
0 0.984259 0.322569 0.031481 0.038194
