0 0.069907 0.973264 0.063889 0.039583
0 0.146296 0.887500 0.072222 0.038889
0 0.248148 0.913542 0.059259 0.036806
0 0.296759 0.939583 0.034259 0.033333
0 0.413889 0.950694 0.046296 0.041667
0 0.485185 0.937500 0.050000 0.037500
0 0.563889 0.938194 0.042593 0.044444
0 0.675926 0.928125 0.061111 0.039583
0 0.735648 0.940625 0.037963 0.039583
0 0.828241 0.935069 0.054630 0.035417
0 0.823611 0.985069 0.060185 0.029861
0 0.937500 0.935764 0.078704 0.038194
0 0.903241 0.860417 0.063889 0.044444
0 0.794907 0.858681 0.050926 0.025694
0 0.701852 0.868056 0.061111 0.029167
0 0.644444 0.835069 0.057407 0.028472
0 0.533796 0.820139 0.071296 0.025000
0 0.419444 0.871875 0.064815 0.028472
0 0.347685 0.839236 0.065741 0.029861
0 0.297222 0.832639 0.031481 0.033333
0 0.418981 0.764931 0.056481 0.021528
0 0.484722 0.772917 0.071296 0.033333
0 0.592593 0.768403 0.081481 0.036806
0 0.675926 0.779861 0.035185 0.027778
0 0.737037 0.815972 0.066667 0.037500
0 0.791667 0.781250 0.057407 0.025000
0 0.857870 0.812500 0.049074 0.034722
0 0.925926 0.785417 0.059259 0.036111
0 0.219444 0.786458 0.068519 0.034028
0 0.108796 0.796181 0.067593 0.049306
0 0.158796 0.737500 0.058333 0.047222
0 0.213426 0.694792 0.054630 0.034028
0 0.306481 0.694097 0.048148 0.028472
0 0.481944 0.719097 0.069444 0.035417
0 0.566204 0.718403 0.032407 0.025694
0 0.678704 0.699653 0.081481 0.039583
0 0.773611 0.709722 0.049074 0.037500
0 0.895370 0.724306 0.055556 0.030556
0 0.948148 0.670139 0.053704 0.038889
0 0.846296 0.646528 0.075926 0.043056
0 0.674074 0.610417 0.046296 0.033333
0 0.562963 0.607292 0.048148 0.039583
0 0.517130 0.664583 0.071296 0.030556
0 0.406019 0.635417 0.052778 0.038889
0 0.062500 0.656944 0.071296 0.033333
0 0.093056 0.585417 0.080556 0.047222
0 0.191667 0.563542 0.081481 0.043750
0 0.302778 0.578125 0.050000 0.043750
0 0.407870 0.561111 0.054630 0.036111
0 0.477315 0.532292 0.063889 0.040972
0 0.566667 0.546181 0.064815 0.034028
0 0.658333 0.547222 0.070370 0.034722
0 0.770370 0.551736 0.046296 0.043750
0 0.872222 0.521181 0.083333 0.038194
0 0.973611 0.497569 0.052778 0.042361
0 0.910185 0.446875 0.061111 0.036806
0 0.801852 0.447222 0.090741 0.048611
0 0.721759 0.483333 0.091667 0.041667
0 0.608333 0.492361 0.077778 0.054167
0 0.397222 0.484722 0.094444 0.051389
0 0.304630 0.452083 0.053704 0.040278
0 0.220833 0.454514 0.069444 0.052083
0 0.107870 0.506597 0.100926 0.045139
0 0.115278 0.435069 0.076852 0.050694
0 0.138426 0.354514 0.084259 0.046528
0 0.213889 0.379861 0.085185 0.050000
0 0.292593 0.377778 0.051852 0.062500
0 0.381019 0.395139 0.080556 0.048611
0 0.485185 0.375694 0.074074 0.050000
0 0.561111 0.421875 0.066667 0.035417
0 0.484259 0.439931 0.079630 0.043750
0 0.668519 0.419792 0.050000 0.046528
0 0.723148 0.380208 0.042593 0.049306
0 0.852315 0.385069 0.099074 0.043750
0 0.944444 0.330903 0.079630 0.064583
0 0.973611 0.392014 0.052778 0.035417
0 0.924537 0.264931 0.052778 0.043750
0 0.981481 0.205556 0.037037 0.050000
0 0.983333 0.145139 0.033333 0.047222
0 0.982407 0.265972 0.035185 0.043056
0 0.887963 0.199306 0.053704 0.052778
0 0.885648 0.134375 0.084259 0.070139
0 0.806944 0.192014 0.089815 0.075694
0 0.836574 0.273958 0.086111 0.059028
0 0.794907 0.323264 0.071296 0.057639
0 0.650000 0.283681 0.131481 0.100694
0 0.720370 0.180903 0.066667 0.059028
0 0.658796 0.129514 0.067593 0.063194
0 0.476389 0.176389 0.086111 0.059722
0 0.521296 0.221875 0.062963 0.042361
0 0.630093 0.200000 0.112037 0.062500
0 0.351852 0.135069 0.081481 0.054861
0 0.252315 0.161806 0.078704 0.066667
0 0.328241 0.225347 0.106481 0.053472
0 0.365741 0.299306 0.070370 0.066667
0 0.287963 0.300347 0.085185 0.056250
0 0.174537 0.296528 0.121296 0.043056
0 0.056944 0.278819 0.102778 0.068750
0 0.062500 0.215278 0.075000 0.055556
0 0.166204 0.210764 0.091667 0.059028
0 0.649537 0.038542 0.080556 0.065972
0 0.406481 0.014236 0.077778 0.027083
0 0.193056 0.043056 0.099074 0.083333
0 0.862963 0.583681 0.075926 0.031250
0 0.965741 0.574653 0.057407 0.040972
