0 0.045833 0.144097 0.049074 0.072917
0 0.029167 0.258681 0.045370 0.049306
0 0.234259 0.224306 0.083333 0.066667
0 0.029630 0.352083 0.057407 0.087500
0 0.067593 0.380903 0.051852 0.052083
0 0.088889 0.444097 0.044444 0.046528
0 0.050000 0.464583 0.057407 0.062500
0 0.060648 0.580903 0.052778 0.057639
0 0.064815 0.636458 0.042593 0.078472
0 0.014815 0.732986 0.027778 0.025694
0 0.025926 0.924653 0.037037 0.021528
0 0.011111 0.869444 0.020370 0.030556
0 0.139352 0.928819 0.039815 0.021528
0 0.201389 0.975347 0.058333 0.043750
0 0.153704 0.847222 0.035185 0.025000
0 0.266204 0.900694 0.128704 0.072222
0 0.265741 0.812847 0.057407 0.034028
0 0.143519 0.750694 0.046296 0.040278
0 0.075463 0.696528 0.023148 0.026389
0 0.231944 0.713542 0.047222 0.039583
0 0.325463 0.713194 0.047222 0.037500
0 0.251389 0.608681 0.089815 0.028472
0 0.351852 0.621528 0.066667 0.041667
0 0.350463 0.544444 0.039815 0.059722
0 0.213889 0.443750 0.066667 0.055556
0 0.278241 0.407292 0.117593 0.045139
0 0.217593 0.350347 0.105556 0.050694
0 0.317130 0.297569 0.099074 0.057639
0 0.364352 0.367708 0.045370 0.040972
0 0.359259 0.448264 0.109259 0.045139
0 0.587037 0.258681 0.109259 0.050694
0 0.506481 0.328819 0.068519 0.050694
0 0.469444 0.378125 0.120370 0.050694
0 0.482407 0.444792 0.057407 0.038194
0 0.573148 0.396181 0.112963 0.097917
0 0.659722 0.337153 0.062037 0.043750
0 0.556019 0.519444 0.078704 0.069444
0 0.525463 0.584028 0.065741 0.025000
0 0.586111 0.618750 0.061111 0.036111
0 0.523148 0.824653 0.033333 0.018750
0 0.615741 0.779167 0.051852 0.026389
0 0.605556 0.831597 0.072222 0.022917
0 0.736111 0.914236 0.074074 0.034028
0 0.784259 0.961111 0.061111 0.036111
0 0.839815 0.956944 0.048148 0.033333
0 0.906481 0.958333 0.042593 0.020833
0 0.942593 0.913542 0.029630 0.024306
0 0.896759 0.862500 0.032407 0.023611
0 0.848611 0.820486 0.062037 0.036806
0 0.974537 0.815278 0.050926 0.052778
0 0.762037 0.776042 0.050000 0.022917
0 0.717593 0.727431 0.053704 0.018750
0 0.867130 0.754861 0.047222 0.044444
0 0.986111 0.682292 0.027778 0.034028
0 0.775926 0.659375 0.068519 0.053472
0 0.693981 0.558681 0.054630 0.039583
0 0.768056 0.593750 0.128704 0.056944
0 0.860648 0.586111 0.052778 0.033333
0 0.944907 0.642708 0.030556 0.018750
0 0.975000 0.565625 0.050000 0.043750
0 0.928704 0.511111 0.062963 0.041667
0 0.792130 0.496875 0.095370 0.065972
0 0.656019 0.463194 0.063889 0.052778
0 0.730093 0.451389 0.091667 0.051389
0 0.872222 0.452778 0.090741 0.037500
0 0.982407 0.426389 0.035185 0.037500
0 0.806481 0.413194 0.068519 0.037500
0 0.732870 0.393403 0.067593 0.050694
0 0.945370 0.381597 0.046296 0.031250
0 0.768981 0.338542 0.076852 0.061806
0 0.886574 0.326736 0.052778 0.040972
0 0.835648 0.278125 0.049074 0.086806
