0 0.223523 0.660816 0.037254 0.021986
0 0.348723 0.562500 0.088611 0.022518
0 0.436136 0.551418 0.047366 0.034397
0 0.421235 0.585284 0.048430 0.023404
0 0.451703 0.613564 0.029005 0.015780
0 0.731772 0.567553 0.035657 0.024823
0 0.909792 0.551241 0.107504 0.048227
0 0.607903 0.699113 0.025279 0.024823
0 0.584619 0.745656 0.027142 0.015426
0 0.709287 0.750798 0.044971 0.018617
0 0.472592 0.744238 0.038318 0.026773
0 0.500000 0.720479 0.018627 0.016135
0 0.465673 0.764982 0.028206 0.018617
0 0.459553 0.784840 0.030335 0.024291
0 0.546833 0.830230 0.079297 0.055851
0 0.259580 0.678546 0.124800 0.070213
0 0.261442 0.722872 0.019425 0.010638
0 0.326237 0.744504 0.027142 0.020922
0 0.298164 0.760816 0.039649 0.011702
0 0.324907 0.784220 0.111229 0.046809
0 0.411921 0.801773 0.059074 0.023759
0 0.406333 0.819060 0.186269 0.029965
0 0.240420 0.781117 0.040181 0.024645
0 0.267829 0.803546 0.029005 0.020213
0 0.239223 0.804167 0.052155 0.037766
0 0.295636 0.818794 0.027674 0.021986
0 0.256786 0.843794 0.032464 0.026241
0 0.320649 0.867465 0.111762 0.072163
0 0.399015 0.856560 0.055615 0.038652
0 0.634247 0.883954 0.039117 0.017908
0 0.678685 0.889982 0.039117 0.019681
0 0.557477 0.896809 0.058010 0.025887
0 0.592070 0.917996 0.052688 0.027482
0 0.934673 0.931383 0.092336 0.063830
0 0.771421 0.819592 0.055349 0.036348
0 0.470862 0.680674 0.098723 0.071277
0 0.286722 0.965426 0.044439 0.039007
0 0.378792 0.914716 0.024747 0.017730
0 0.442922 0.950709 0.027940 0.018794
0 0.425492 0.907447 0.039915 0.025887
0 0.116019 0.767553 0.046833 0.049645
0 0.111495 0.808511 0.027142 0.019504
0 0.128260 0.799113 0.021820 0.014894
0 0.199441 0.833954 0.034859 0.025709
0 0.210883 0.880496 0.030601 0.013830
0 0.226982 0.899468 0.032464 0.014184
0 0.231905 0.932979 0.018361 0.014894
0 0.237493 0.953812 0.015168 0.012589
0 0.032065 0.657801 0.018361 0.020922
0 0.049228 0.640603 0.015966 0.014184
0 0.079297 0.623316 0.048962 0.055142
0 0.079031 0.576241 0.059074 0.058865
0 0.090873 0.896720 0.024747 0.022163
0 0.073044 0.934043 0.021554 0.013121
0 0.109101 0.969238 0.016498 0.015780
0 0.132251 0.993351 0.019159 0.013298
0 0.850319 0.669060 0.142363 0.069326
0 0.792709 0.696720 0.061735 0.030319
0 0.778739 0.728191 0.098723 0.038652
0 0.973257 0.670035 0.050293 0.042199
0 0.764502 0.490337 0.101118 0.062589
0 0.167376 0.458954 0.039383 0.022872
0 0.160458 0.490337 0.037786 0.024645
0 0.239489 0.482624 0.081958 0.025177
0 0.185737 0.516489 0.040979 0.014894
0 0.036056 0.549645 0.022086 0.013475
0 0.028206 0.582624 0.022352 0.013830
0 0.052022 0.670833 0.012507 0.011525
0 0.060404 0.687943 0.012241 0.008865
0 0.039649 0.700000 0.013837 0.013121
0 0.067988 0.704876 0.014635 0.010106
0 0.094731 0.676507 0.011176 0.008688
0 0.084619 0.691755 0.013837 0.009043
0 0.088212 0.721720 0.012507 0.012234
0 0.079564 0.748050 0.012773 0.013121
0 0.031267 0.761613 0.056147 0.054433
0 0.023683 0.792376 0.019691 0.010993
0 0.034327 0.802837 0.017030 0.009929
0 0.063332 0.799645 0.018095 0.018440
0 0.044971 0.812589 0.017030 0.009929
0 0.051756 0.820922 0.024747 0.020213
0 0.230841 0.974025 0.018893 0.013298
0 0.223257 0.951862 0.016498 0.011879
0 0.788451 0.795035 0.037786 0.025177
0 0.937334 0.720656 0.062001 0.036348
0 0.915647 0.756915 0.112294 0.052128
0 0.117350 0.230496 0.078233 0.055319
0 0.197845 0.278014 0.046035 0.039007
0 0.253592 0.223582 0.075040 0.052482
0 0.353113 0.241135 0.065460 0.034752
0 0.562932 0.294149 0.072645 0.066667
0 0.630921 0.173582 0.053752 0.029433
0 0.746807 0.229699 0.113092 0.076418
0 0.865354 0.238387 0.118148 0.068617
0 0.629324 0.280762 0.053752 0.030319
0 0.729377 0.345922 0.075572 0.043972
0 0.713012 0.382092 0.061469 0.028369
0 0.603246 0.359574 0.106972 0.059574
0 0.847126 0.407801 0.057743 0.044326
0 0.938531 0.352305 0.097392 0.060638
0 0.933076 0.469592 0.076370 0.073227
0 0.677089 0.114805 0.057211 0.034220
0 0.224321 0.295567 0.042576 0.031560
0 0.303619 0.369415 0.036722 0.030319
0 0.283262 0.415514 0.052422 0.026418
0 0.926424 0.141844 0.082757 0.048227
0 0.964343 0.184663 0.071315 0.063652
0 0.201038 0.382713 0.172166 0.122518
0 0.698377 0.529965 0.080096 0.043262
0 0.969399 0.513209 0.061203 0.044504
0 0.376397 0.496277 0.092336 0.022340
0 0.165913 0.781560 0.023683 0.015248
0 0.119212 0.689894 0.049494 0.045745
0 0.150745 0.901152 0.040713 0.050532
0 0.653672 0.656560 0.131187 0.056383
0 0.953965 0.692287 0.052688 0.029255
