0 0.151852 0.024306 0.100000 0.047222
0 0.293056 0.029514 0.082407 0.057639
0 0.453241 0.034375 0.121296 0.067361
0 0.609722 0.041319 0.104630 0.075694
0 0.760648 0.053472 0.078704 0.065278
0 0.875000 0.031597 0.155556 0.061806
0 0.963889 0.087500 0.072222 0.058333
0 0.195370 0.162153 0.120370 0.077083
0 0.327778 0.208333 0.092593 0.056944
0 0.429630 0.141667 0.100000 0.052778
0 0.553241 0.157986 0.102778 0.045139
0 0.445833 0.259028 0.067593 0.066667
0 0.692130 0.182639 0.067593 0.083333
0 0.830093 0.170833 0.075000 0.052778
0 0.941667 0.190278 0.103704 0.072222
0 0.085185 0.193750 0.057407 0.043056
0 0.075463 0.288194 0.047222 0.069444
0 0.028241 0.327431 0.054630 0.053472
0 0.195370 0.265972 0.087037 0.048611
0 0.151852 0.344792 0.105556 0.049306
0 0.215741 0.370139 0.035185 0.019444
0 0.310648 0.303125 0.073148 0.059028
0 0.373611 0.332292 0.058333 0.034028
0 0.288426 0.352083 0.041667 0.036111
0 0.350926 0.370139 0.057407 0.036111
0 0.196759 0.407639 0.058333 0.031944
0 0.118981 0.420833 0.065741 0.048611
0 0.229167 0.461111 0.063889 0.036111
0 0.311111 0.439583 0.059259 0.048611
0 0.493056 0.332639 0.067593 0.044444
0 0.519907 0.370486 0.071296 0.039583
0 0.609722 0.269097 0.089815 0.047917
0 0.736574 0.269444 0.087963 0.055556
0 0.865278 0.265625 0.093519 0.057639
0 0.958333 0.287153 0.083333 0.095139
0 0.630556 0.368056 0.062963 0.069444
0 0.759259 0.372917 0.116667 0.069444
0 0.873611 0.362153 0.097222 0.067361
0 0.963889 0.415278 0.072222 0.051389
0 0.033796 0.508333 0.065741 0.031944
0 0.113426 0.504861 0.091667 0.048611
0 0.156481 0.567014 0.124074 0.028472
0 0.278241 0.535069 0.067593 0.040972
0 0.504167 0.489236 0.152778 0.114583
0 0.616204 0.453125 0.073148 0.053472
0 0.705093 0.478472 0.095370 0.030556
0 0.823611 0.453472 0.080556 0.036111
0 0.895833 0.498264 0.093519 0.064583
0 0.655556 0.521528 0.046296 0.036111
0 0.761111 0.551736 0.066667 0.034028
0 0.846759 0.562500 0.065741 0.027778
0 0.909722 0.589583 0.056481 0.033333
0 0.974074 0.593403 0.033333 0.017361
0 0.077315 0.617708 0.047222 0.022917
0 0.227315 0.622222 0.069444 0.040278
0 0.399074 0.606597 0.066667 0.042361
0 0.458796 0.634028 0.054630 0.041667
0 0.532870 0.627083 0.049074 0.037500
0 0.609259 0.618403 0.040741 0.024306
0 0.666204 0.584028 0.080556 0.052778
0 0.779167 0.610069 0.047222 0.045139
0 0.842593 0.668056 0.035185 0.026389
0 0.954167 0.669792 0.063889 0.040972
0 0.974074 0.731944 0.033333 0.026389
0 0.069444 0.688194 0.057407 0.031944
0 0.171759 0.682639 0.049074 0.026389
0 0.272222 0.680208 0.040741 0.015972
0 0.187500 0.734375 0.028704 0.018750
0 0.101852 0.759028 0.051852 0.019444
0 0.049537 0.837153 0.025000 0.024306
0 0.109259 0.954861 0.037037 0.026389
0 0.137963 0.902431 0.033333 0.029861
0 0.102778 0.865625 0.033333 0.024306
0 0.210648 0.904167 0.032407 0.020833
0 0.231481 0.968750 0.035185 0.022222
0 0.275926 0.948611 0.033333 0.015278
0 0.267130 0.893403 0.045370 0.021528
0 0.217593 0.852083 0.048148 0.022222
0 0.136574 0.810069 0.060185 0.032639
0 0.206019 0.796181 0.030556 0.020139
0 0.280556 0.825347 0.027778 0.017361
0 0.281019 0.742014 0.037963 0.024306
0 0.387500 0.748264 0.032407 0.017361
0 0.344444 0.949653 0.035185 0.018750
0 0.385648 0.968056 0.026852 0.015278
0 0.434259 0.938889 0.025926 0.022222
0 0.475000 0.956597 0.025926 0.014583
0 0.386574 0.857292 0.030556 0.015972
0 0.417593 0.789583 0.031481 0.016667
0 0.464815 0.842361 0.033333 0.023611
0 0.468981 0.882639 0.045370 0.018056
0 0.512037 0.936111 0.029630 0.020833
0 0.456944 0.748958 0.041667 0.018750
0 0.443981 0.699306 0.025000 0.020833
0 0.541204 0.705556 0.036111 0.025000
0 0.503241 0.780556 0.030556 0.020833
0 0.559722 0.756597 0.025000 0.018750
0 0.623611 0.750347 0.052778 0.017361
0 0.575926 0.814583 0.046296 0.020833
0 0.520833 0.852083 0.037963 0.018056
0 0.558796 0.887500 0.028704 0.016667
0 0.584259 0.952778 0.033333 0.020833
0 0.652315 0.943056 0.025000 0.016667
0 0.781019 0.985417 0.026852 0.022222
0 0.929167 0.959722 0.025000 0.013889
0 0.976389 0.929167 0.047222 0.029167
0 0.900463 0.918056 0.028704 0.019444
0 0.839815 0.937153 0.024074 0.015972
0 0.797222 0.924653 0.035185 0.020139
0 0.726389 0.925000 0.039815 0.027778
0 0.656481 0.895833 0.037037 0.030556
0 0.582407 0.855903 0.037037 0.025694
0 0.689352 0.853125 0.036111 0.013194
0 0.631481 0.784028 0.027778 0.012500
0 0.681481 0.811111 0.037037 0.020833
0 0.769907 0.823958 0.054630 0.025694
0 0.668056 0.707639 0.041667 0.018056
0 0.728704 0.713542 0.038889 0.022917
0 0.739815 0.663889 0.044444 0.027778
0 0.744907 0.760069 0.049074 0.022917
0 0.764352 0.866667 0.028704 0.016667
0 0.844444 0.884375 0.029630 0.018750
0 0.934259 0.866667 0.022222 0.012500
0 0.878704 0.844792 0.040741 0.025694
0 0.810185 0.789236 0.037037 0.020139
0 0.877778 0.802083 0.025926 0.016667
0 0.969907 0.826042 0.030556 0.022917
0 0.845370 0.732986 0.057407 0.027083
0 0.893519 0.746875 0.029630 0.017361
0 0.947685 0.782986 0.028704 0.014583
0 0.421296 0.549306 0.062963 0.038889
