0 0.438889 0.221181 0.092593 0.046528
0 0.605093 0.165972 0.095370 0.047222
0 0.688426 0.252778 0.071296 0.044444
0 0.923611 0.241319 0.119444 0.075694
0 0.917130 0.359028 0.086111 0.058333
0 0.954630 0.466667 0.090741 0.069444
0 0.056944 0.334375 0.100926 0.064583
0 0.140278 0.384028 0.071296 0.068056
0 0.239352 0.085069 0.126852 0.117361
0 0.147685 0.084375 0.052778 0.088194
0 0.176389 0.244792 0.067593 0.114583
0 0.186111 0.353125 0.044444 0.072917
0 0.279167 0.380903 0.073148 0.074306
0 0.350926 0.408681 0.062963 0.045139
0 0.395833 0.120833 0.086111 0.065278
0 0.331019 0.200694 0.113889 0.077778
0 0.535648 0.055208 0.115741 0.057639
0 0.667130 0.080903 0.099074 0.067361
0 0.771296 0.165278 0.057407 0.055556
0 0.787963 0.230208 0.062963 0.049306
0 0.568056 0.291667 0.084259 0.048611
0 0.688426 0.333333 0.102778 0.056944
0 0.819907 0.323264 0.082407 0.057639
0 0.918056 0.105208 0.087963 0.081250
0 0.896296 0.023958 0.100000 0.042361
0 0.698148 0.020833 0.074074 0.036111
0 0.796759 0.018403 0.123148 0.035417
0 0.533333 0.170486 0.572222 0.315972
0 0.389352 0.356944 0.091667 0.050000
0 0.479167 0.399653 0.097222 0.059028
0 0.524074 0.344097 0.087037 0.059028
0 0.611111 0.379861 0.092593 0.048611
0 0.986574 0.319097 0.026852 0.068750
0 0.818519 0.403819 0.087037 0.056250
0 0.706944 0.407639 0.093519 0.051389
0 0.755093 0.456944 0.095370 0.036111
0 0.862500 0.484722 0.076852 0.059722
0 0.140741 0.472222 0.087037 0.066667
0 0.282870 0.464236 0.102778 0.061806
0 0.381019 0.531250 0.082407 0.055556
0 0.503241 0.520833 0.093519 0.044444
0 0.499537 0.469792 0.106481 0.061806
0 0.631944 0.464236 0.100926 0.050694
0 0.622222 0.503819 0.070370 0.042361
0 0.753241 0.502778 0.058333 0.055556
0 0.800463 0.548611 0.069444 0.044444
0 0.809722 0.587500 0.056481 0.037500
0 0.941204 0.566667 0.078704 0.068056
0 0.968981 0.609028 0.054630 0.058333
0 0.812500 0.869097 0.071296 0.053472
0 0.909259 0.876042 0.046296 0.031250
0 0.969444 0.872569 0.055556 0.049306
0 0.952315 0.778819 0.065741 0.035417
0 0.912963 0.736111 0.064815 0.048611
0 0.874074 0.692361 0.068519 0.034722
0 0.823611 0.664236 0.065741 0.049306
0 0.556944 0.600347 0.058333 0.047917
0 0.612963 0.656944 0.083333 0.041667
0 0.730093 0.660764 0.076852 0.032639
0 0.734722 0.623958 0.067593 0.027083
0 0.694907 0.586806 0.089815 0.069444
0 0.427778 0.433333 0.105556 0.040278
0 0.141667 0.601042 0.068519 0.036806
0 0.334722 0.604861 0.100926 0.056944
0 0.390741 0.646875 0.059259 0.040972
0 0.448611 0.594792 0.080556 0.034028
0 0.973148 0.688194 0.053704 0.037500
0 0.938426 0.652778 0.069444 0.026389
0 0.512500 0.668403 0.080556 0.040972
0 0.768056 0.723264 0.050926 0.043750
0 0.789352 0.770833 0.045370 0.036111
0 0.844907 0.776042 0.045370 0.034028
0 0.893519 0.818056 0.062963 0.036111
0 0.663889 0.717708 0.055556 0.029861
0 0.610185 0.762500 0.057407 0.031944
0 0.698148 0.760069 0.055556 0.040972
0 0.554167 0.718750 0.063889 0.031944
0 0.439352 0.718056 0.093519 0.041667
0 0.512037 0.764931 0.057407 0.036806
0 0.575926 0.813889 0.048148 0.022222
0 0.650463 0.810069 0.058333 0.035417
0 0.729167 0.819097 0.062037 0.034028
0 0.730556 0.873611 0.059259 0.041667
0 0.652315 0.894097 0.063889 0.035417
0 0.489815 0.878125 0.072222 0.028472
0 0.406481 0.891667 0.046296 0.036111
0 0.402778 0.816319 0.050000 0.039583
0 0.497222 0.812847 0.044444 0.031250
0 0.399537 0.764236 0.050926 0.038194
0 0.150000 0.738194 0.096296 0.061111
0 0.093981 0.826736 0.095370 0.063194
0 0.075463 0.901736 0.075000 0.039583
0 0.163889 0.888194 0.055556 0.043056
0 0.163426 0.975000 0.063889 0.047222
