0 0.427315 0.192014 0.091667 0.057639
0 0.529167 0.187153 0.102778 0.060417
0 0.692593 0.205903 0.074074 0.070139
0 0.802315 0.222917 0.076852 0.048611
0 0.862963 0.282639 0.068519 0.051389
0 0.799074 0.351042 0.066667 0.045139
0 0.621296 0.284375 0.083333 0.056250
0 0.733333 0.284028 0.062963 0.054167
0 0.610648 0.079514 0.080556 0.061806
0 0.758333 0.067014 0.053704 0.068750
0 0.690741 0.021528 0.098148 0.038889
0 0.537500 0.020139 0.106481 0.038889
0 0.439352 0.066667 0.097222 0.055556
0 0.300926 0.188889 0.066667 0.063889
0 0.182870 0.205556 0.091667 0.055556
0 0.244444 0.268403 0.090741 0.045139
0 0.420833 0.332292 0.086111 0.049306
0 0.539815 0.338889 0.044444 0.036111
0 0.477778 0.404514 0.079630 0.053472
0 0.056019 0.194792 0.056481 0.056250
0 0.036574 0.146528 0.067593 0.052778
0 0.038889 0.038889 0.044444 0.051389
0 0.137963 0.071528 0.100000 0.066667
0 0.291204 0.065625 0.097222 0.067361
0 0.146296 0.015972 0.100000 0.030556
0 0.031944 0.279167 0.047222 0.052778
0 0.118056 0.269792 0.099074 0.045139
0 0.081019 0.349653 0.073148 0.042361
0 0.142593 0.413889 0.055556 0.059722
0 0.261574 0.412153 0.060185 0.060417
0 0.328704 0.477778 0.075926 0.062500
0 0.432870 0.468056 0.082407 0.037500
0 0.531481 0.467014 0.090741 0.045139
0 0.626389 0.429167 0.069444 0.044444
0 0.732407 0.429167 0.064815 0.047222
0 0.780556 0.481250 0.079630 0.050000
0 0.845833 0.415278 0.110185 0.079167
0 0.897685 0.479167 0.073148 0.048611
0 0.272685 0.655903 0.089815 0.035417
0 0.376389 0.647917 0.069444 0.033333
0 0.483796 0.638542 0.075000 0.047917
0 0.613426 0.655556 0.050926 0.031944
0 0.709722 0.653125 0.073148 0.031250
0 0.816667 0.646181 0.074074 0.036806
0 0.881944 0.590278 0.069444 0.040278
0 0.899537 0.766667 0.095370 0.062500
0 0.955556 0.711806 0.051852 0.044444
0 0.887037 0.865278 0.064815 0.034722
0 0.862963 0.961806 0.046296 0.030556
0 0.944444 0.945139 0.029630 0.029167
0 0.843519 0.825000 0.053704 0.041667
0 0.708333 0.772917 0.061111 0.037500
0 0.656019 0.720139 0.056481 0.037500
0 0.754167 0.718056 0.087963 0.041667
0 0.478704 0.767014 0.055556 0.034028
0 0.526389 0.707292 0.060185 0.027083
0 0.320370 0.719792 0.057407 0.035417
0 0.379630 0.766667 0.088889 0.037500
0 0.423611 0.823264 0.069444 0.034028
0 0.505556 0.815278 0.048148 0.027778
0 0.640741 0.828125 0.051852 0.042361
0 0.749537 0.837500 0.056481 0.040278
0 0.799074 0.865278 0.068519 0.033333
0 0.636574 0.907639 0.060185 0.037500
0 0.601389 0.864931 0.037963 0.025694
0 0.468519 0.865625 0.053704 0.032639
0 0.505093 0.907639 0.071296 0.027778
0 0.417593 0.912153 0.042593 0.027083
0 0.330556 0.916667 0.048148 0.019444
0 0.281944 0.873264 0.076852 0.045139
0 0.330556 0.827778 0.050000 0.023611
0 0.278241 0.771528 0.067593 0.037500
0 0.215741 0.712500 0.068519 0.037500
0 0.173148 0.657292 0.068519 0.045139
0 0.109722 0.600000 0.065741 0.047222
0 0.224074 0.593403 0.079630 0.049306
0 0.329167 0.582292 0.076852 0.035417
0 0.425926 0.582639 0.061111 0.037500
0 0.525000 0.576389 0.079630 0.045833
0 0.386574 0.532292 0.073148 0.056250
0 0.479167 0.521528 0.067593 0.041667
0 0.147222 0.527431 0.072222 0.036806
0 0.274537 0.534375 0.071296 0.031250
0 0.068519 0.660417 0.062963 0.044444
0 0.117130 0.728125 0.082407 0.043750
0 0.178704 0.779167 0.042593 0.034722
0 0.063889 0.770139 0.061111 0.040278
0 0.118056 0.830903 0.058333 0.027083
0 0.044907 0.538889 0.058333 0.045833
0 0.093056 0.482292 0.091667 0.046528
0 0.200000 0.474653 0.100000 0.039583
0 0.313889 0.338889 0.074074 0.051389
0 0.043981 0.419792 0.041667 0.043750
0 0.666667 0.489931 0.066667 0.045139
0 0.619907 0.538889 0.084259 0.044444
0 0.665741 0.597917 0.053704 0.036111
0 0.782407 0.590625 0.083333 0.047917
0 0.819907 0.529514 0.087963 0.042361
0 0.725463 0.535764 0.080556 0.053472
0 0.080093 0.876389 0.060185 0.037500
0 0.170833 0.872917 0.076852 0.037500
0 0.131944 0.922917 0.084259 0.048611
0 0.225926 0.918403 0.057407 0.031250
0 0.159259 0.969792 0.055556 0.031250
0 0.212963 0.993056 0.057407 0.013889
0 0.299537 0.971875 0.047222 0.031250
0 0.424537 0.960764 0.050926 0.034028
0 0.675000 0.965625 0.081481 0.036806
0 0.796296 0.980903 0.037037 0.028472
0 0.691204 0.863889 0.054630 0.027778
0 0.597685 0.780903 0.063889 0.053472
0 0.675926 0.361458 0.085185 0.061806
