0 0.038426 0.106250 0.075000 0.066667
0 0.047222 0.199653 0.092593 0.089583
0 0.211574 0.188889 0.076852 0.088889
0 0.150463 0.257986 0.137963 0.121528
0 0.085648 0.347917 0.095370 0.105556
0 0.218056 0.366667 0.126852 0.080556
0 0.702778 0.370833 0.122222 0.087500
0 0.449537 0.256944 0.386111 0.284722
0 0.288426 0.479514 0.110185 0.102083
0 0.479167 0.472569 0.150926 0.092361
0 0.648148 0.493403 0.100000 0.056250
0 0.794907 0.490625 0.095370 0.064583
0 0.958333 0.592708 0.083333 0.065972
0 0.819444 0.594444 0.094444 0.069444
0 0.693981 0.579861 0.060185 0.052778
0 0.525463 0.566319 0.119444 0.053472
0 0.376389 0.568403 0.104630 0.071528
0 0.458796 0.650347 0.087963 0.074306
0 0.502315 0.747917 0.112037 0.069444
0 0.372222 0.752431 0.142593 0.086806
0 0.252315 0.794097 0.089815 0.107639
0 0.126852 0.803472 0.111111 0.070833
0 0.153241 0.888889 0.065741 0.047222
0 0.042593 0.879167 0.083333 0.079167
0 0.360185 0.912847 0.059259 0.039583
0 0.443981 0.851389 0.134259 0.058333
0 0.577315 0.875694 0.086111 0.038889
0 0.688426 0.830556 0.123148 0.054167
0 0.714815 0.906597 0.085185 0.074306
0 0.959722 0.806944 0.073148 0.056944
0 0.865741 0.901042 0.120370 0.071528
0 0.938889 0.917361 0.077778 0.063889
0 0.467130 0.963542 0.113889 0.052083
0 0.609259 0.976736 0.118519 0.046528
0 0.767593 0.983681 0.072222 0.032639
0 0.757870 0.695833 0.391667 0.254167
0 0.148611 0.626042 0.295370 0.352083
