0 0.148900 0.175781 0.049421 0.114757
0 0.022917 0.627691 0.045602 0.065451
0 0.357465 0.728299 0.050810 0.052778
0 0.423669 0.953299 0.027199 0.031597
0 0.263137 0.952170 0.035301 0.036979
0 0.119734 0.870920 0.034144 0.049826
0 0.287037 0.044010 0.045833 0.058160
0 0.291782 0.303299 0.040278 0.090625
0 0.388484 0.466753 0.030208 0.049132
0 0.420370 0.244184 0.048843 0.101910
0 0.501157 0.427083 0.037269 0.078472
0 0.561516 0.310590 0.028125 0.061111
0 0.584954 0.574653 0.039815 0.047569
0 0.631250 0.670920 0.022685 0.031771
0 0.726331 0.396615 0.046875 0.106424
0 0.781481 0.588715 0.014120 0.030208
0 0.727083 0.226389 0.038194 0.070833
0 0.506192 0.135417 0.038310 0.065625
0 0.496123 0.018924 0.063310 0.037500
0 0.910012 0.116927 0.046875 0.063368
0 0.838542 0.450521 0.043750 0.060417
0 0.934144 0.546788 0.034722 0.071701
0 0.858449 0.701128 0.026157 0.076910
0 0.980498 0.624219 0.024653 0.058854
0 0.956076 0.773958 0.022106 0.044444
0 0.928414 0.841927 0.027199 0.040104
0 0.993866 0.923872 0.012269 0.042188
0 0.661169 0.402604 0.041319 0.085417
