1 0.085379 0.306536 0.027902 0.039599
1 0.117560 0.351861 0.027530 0.040553
1 0.231585 0.345420 0.025670 0.040076
1 0.303013 0.389552 0.030134 0.053912
1 0.476004 0.383349 0.032366 0.045324
1 0.429874 0.290553 0.032366 0.029580
1 0.722470 0.398855 0.029762 0.037214
1 0.665923 0.395754 0.019345 0.053912
1 0.792411 0.324666 0.026042 0.038645
1 0.880208 0.387405 0.037202 0.044847
0 0.092076 0.341126 0.012277 0.028626
0 0.103423 0.395277 0.015625 0.029103
0 0.159412 0.352815 0.018973 0.052004
0 0.159598 0.310353 0.036458 0.047233
0 0.120536 0.435830 0.020833 0.031011
0 0.101935 0.435353 0.021577 0.038645
0 0.106771 0.606393 0.011161 0.020992
0 0.157180 0.606155 0.018973 0.032920
0 0.085007 0.648855 0.020461 0.032443
0 0.087612 0.686307 0.011533 0.019561
0 0.086310 0.728531 0.014881 0.019084
0 0.102121 0.692987 0.019717 0.033874
0 0.143229 0.651002 0.016369 0.030057
0 0.157924 0.656011 0.013765 0.020992
0 0.158668 0.698950 0.015997 0.030534
0 0.159598 0.742366 0.012649 0.023855
0 0.178757 0.746183 0.026414 0.044847
0 0.198103 0.747853 0.015997 0.031966
0 0.218564 0.708969 0.017485 0.033397
0 0.236421 0.708731 0.012277 0.018607
0 0.179129 0.699905 0.013765 0.020038
0 0.197731 0.658397 0.022693 0.034351
0 0.298921 0.768130 0.017485 0.030534
0 0.278832 0.723998 0.024926 0.040553
0 0.320499 0.726861 0.023438 0.035782
0 0.278832 0.671040 0.021205 0.036737
0 0.300595 0.673903 0.018601 0.025286
0 0.321429 0.634542 0.029018 0.045802
0 0.299851 0.628340 0.017857 0.032443
0 0.156250 0.394800 0.018601 0.031966
0 0.175409 0.390983 0.022693 0.051050
0 0.211868 0.340887 0.013021 0.020515
0 0.236421 0.301050 0.017485 0.026718
0 0.238653 0.392653 0.021205 0.041031
0 0.258185 0.393845 0.017113 0.020515
0 0.260789 0.445134 0.017857 0.022901
0 0.225074 0.456584 0.023065 0.015267
0 0.278274 0.343750 0.019345 0.037691
0 0.300409 0.303435 0.021205 0.028626
0 0.345424 0.297948 0.024926 0.049141
0 0.346354 0.346374 0.029762 0.041031
0 0.387463 0.400763 0.018973 0.058206
0 0.320499 0.444418 0.022693 0.030057
0 0.341146 0.485926 0.030506 0.052004
0 0.366629 0.442510 0.018229 0.029103
0 0.366443 0.685592 0.024554 0.036260
0 0.367932 0.732109 0.018601 0.031011
0 0.389323 0.685592 0.015253 0.024809
0 0.412574 0.788645 0.030506 0.037214
0 0.389137 0.738311 0.018601 0.019561
0 0.406994 0.295802 0.014137 0.024809
0 0.505766 0.347567 0.033110 0.062500
0 0.523438 0.391937 0.014881 0.031966
0 0.532366 0.360448 0.011161 0.025286
0 0.545387 0.337071 0.015625 0.028149
0 0.565848 0.825382 0.031994 0.041985
0 0.568452 0.773616 0.022321 0.043416
0 0.513207 0.812500 0.011533 0.029580
0 0.613653 0.838979 0.016741 0.024332
0 0.656436 0.852815 0.018973 0.019561
0 0.630208 0.788645 0.037202 0.043893
0 0.611793 0.730200 0.015997 0.034828
0 0.589844 0.721135 0.023438 0.038645
0 0.566406 0.553674 0.028646 0.056775
0 0.570685 0.490935 0.023065 0.031489
0 0.586310 0.450143 0.029018 0.039599
0 0.546875 0.411975 0.023810 0.052958
0 0.583147 0.400286 0.020461 0.036260
0 0.575521 0.361880 0.032738 0.038645
0 0.589472 0.327290 0.036830 0.035305
0 0.629464 0.364265 0.024554 0.021469
0 0.725260 0.876908 0.028646 0.044847
0 0.749442 0.882395 0.013765 0.029103
0 0.791295 0.903626 0.020089 0.037214
0 0.814174 0.914122 0.028646 0.047710
0 0.832589 0.919847 0.020833 0.050573
0 0.858631 0.929628 0.029762 0.044370
0 0.884301 0.936784 0.018601 0.039599
0 0.908110 0.949189 0.018601 0.026240
0 0.905506 0.880010 0.029762 0.038645
0 0.767857 0.831584 0.029018 0.049618
0 0.744420 0.821565 0.023065 0.031489
0 0.728609 0.814885 0.012277 0.033397
0 0.713542 0.813216 0.017113 0.029103
0 0.700707 0.810353 0.015253 0.038645
0 0.861049 0.793416 0.038318 0.066794
0 0.837054 0.650048 0.035714 0.062500
0 0.883185 0.593750 0.023065 0.051050
0 0.860119 0.592796 0.026786 0.054866
0 0.682664 0.569895 0.022321 0.032920
0 0.688058 0.442032 0.031622 0.042462
0 0.838356 0.527672 0.027158 0.047710
0 0.862723 0.461116 0.023810 0.031966
0 0.900298 0.472805 0.050595 0.087786
0 0.746466 0.331584 0.033110 0.070611
0 0.750186 0.267891 0.022693 0.044370
0 0.840402 0.260019 0.030506 0.040076
0 0.877976 0.254055 0.020833 0.044370
