0 0.080417 0.006500 0.005833 0.012500
0 0.069000 0.017875 0.008000 0.011250
0 0.089333 0.033750 0.008667 0.012000
0 0.109833 0.042500 0.008000 0.009500
0 0.126417 0.026625 0.006833 0.010750
0 0.144667 0.024500 0.008667 0.012500
0 0.092833 0.082875 0.008333 0.013750
0 0.098417 0.095125 0.007500 0.012750
0 0.111333 0.097000 0.008000 0.012500
0 0.124667 0.054125 0.006000 0.014750
0 0.135667 0.066375 0.007000 0.013750
0 0.140000 0.076875 0.007333 0.011250
0 0.146500 0.071625 0.005667 0.010750
0 0.066583 0.156750 0.004833 0.008500
0 0.058083 0.159625 0.004833 0.007750
0 0.048583 0.174000 0.004167 0.008500
0 0.044333 0.194250 0.011333 0.030000
0 0.036833 0.200875 0.003333 0.007250
0 0.032750 0.199000 0.011500 0.026000
0 0.028000 0.219875 0.005667 0.010750
0 0.032833 0.218125 0.004667 0.008250
0 0.048917 0.208375 0.005500 0.011250
0 0.053667 0.214250 0.005000 0.008000
0 0.061750 0.202500 0.004167 0.008500
0 0.052667 0.189875 0.005333 0.007750
0 0.063250 0.186625 0.004833 0.007750
0 0.063417 0.173500 0.008500 0.012000
0 0.072583 0.176000 0.006167 0.010500
0 0.082750 0.186000 0.007833 0.014500
0 0.091667 0.182250 0.008667 0.012500
0 0.083833 0.209000 0.008000 0.013000
0 0.094083 0.204875 0.007500 0.013250
0 0.091583 0.121750 0.007500 0.014000
0 0.097333 0.137000 0.007667 0.013500
0 0.108083 0.133750 0.004833 0.010000
0 0.110917 0.142250 0.006833 0.010000
0 0.113500 0.150500 0.006667 0.011000
0 0.124000 0.114875 0.006333 0.012750
0 0.130833 0.108000 0.006333 0.012000
0 0.132667 0.117500 0.006333 0.009500
0 0.112750 0.174000 0.010167 0.013500
0 0.126417 0.169250 0.010167 0.011000
0 0.110333 0.216750 0.008333 0.011500
0 0.112083 0.229875 0.010500 0.014750
0 0.101083 0.220250 0.006833 0.009500
0 0.052000 0.247625 0.006667 0.011250
0 0.091333 0.278375 0.008333 0.011750
0 0.177167 0.239625 0.010333 0.013750
0 0.059083 0.986250 0.034500 0.027500
0 0.101500 0.894375 0.017667 0.042250
0 0.175250 0.851500 0.018500 0.022500
0 0.150000 0.811750 0.016000 0.030500
0 0.036333 0.783750 0.026333 0.020500
0 0.155750 0.773500 0.032500 0.053500
0 0.032083 0.671125 0.024167 0.038750
0 0.064333 0.657625 0.017333 0.027250
0 0.167833 0.635250 0.012333 0.022500
0 0.113500 0.534000 0.021000 0.026500
0 0.098750 0.504750 0.017167 0.018500
0 0.148417 0.478750 0.017167 0.020000
0 0.223833 0.562875 0.014333 0.022250
0 0.154417 0.555875 0.007500 0.022250
0 0.168417 0.363625 0.009167 0.019750
1 0.253500 0.404000 0.017333 0.026500
0 0.268583 0.436375 0.012167 0.026750
0 0.272500 0.484625 0.016000 0.026750
0 0.252583 0.851500 0.021167 0.033500
0 0.369000 0.961250 0.017333 0.032500
0 0.365750 0.919750 0.014500 0.029500
0 0.378000 0.873250 0.013333 0.024500
0 0.207833 0.780250 0.029333 0.026000
0 0.266083 0.775250 0.023833 0.037000
0 0.349500 0.784125 0.011667 0.028750
0 0.211167 0.686750 0.014667 0.030000
0 0.318500 0.627125 0.022000 0.032250
0 0.333167 0.666125 0.012000 0.016250
0 0.397167 0.632750 0.019333 0.029000
0 0.318583 0.527625 0.021833 0.032750
0 0.301917 0.447875 0.021167 0.033250
0 0.345083 0.419125 0.008833 0.018750
0 0.330333 0.378000 0.010333 0.024500
0 0.292333 0.347750 0.015667 0.025000
0 0.326167 0.335750 0.015667 0.025000
0 0.373000 0.308125 0.013667 0.026250
0 0.336917 0.286875 0.012167 0.024250
0 0.305167 0.290625 0.011333 0.022750
0 0.306083 0.259500 0.011167 0.018500
0 0.274750 0.241500 0.009500 0.021000
0 0.296500 0.215750 0.013667 0.025000
0 0.335333 0.230250 0.012333 0.024500
0 0.325667 0.205375 0.016667 0.026750
0 0.284500 0.189125 0.010000 0.013250
0 0.254000 0.158250 0.010333 0.021500
0 0.214333 0.186625 0.007000 0.014250
0 0.371083 0.218375 0.015500 0.029250
0 0.395833 0.233625 0.016667 0.026250
0 0.410583 0.184000 0.011167 0.026500
0 0.380083 0.166500 0.013167 0.017500
0 0.347167 0.175875 0.010667 0.016750
0 0.329333 0.144125 0.013667 0.017250
0 0.324750 0.113500 0.011500 0.023500
0 0.301083 0.116125 0.012500 0.020750
0 0.301500 0.091875 0.010000 0.016250
0 0.260917 0.095625 0.007167 0.012250
0 0.288250 0.072250 0.009500 0.019000
0 0.247250 0.098625 0.009167 0.017750
0 0.299417 0.049500 0.010167 0.016000
0 0.318000 0.045250 0.013333 0.022000
0 0.287833 0.046000 0.008000 0.016500
0 0.282500 0.036750 0.006667 0.011000
0 0.296000 0.027625 0.009000 0.015250
0 0.322417 0.004375 0.004833 0.008250
0 0.327833 0.007000 0.007000 0.013500
0 0.341750 0.044875 0.008833 0.020250
0 0.374750 0.019625 0.008833 0.016250
0 0.364167 0.079875 0.011000 0.023250
0 0.384833 0.071875 0.012333 0.021750
0 0.399917 0.005625 0.008167 0.010750
0 0.403667 0.019375 0.010667 0.017750
0 0.428417 0.007750 0.008500 0.015000
0 0.408500 0.057875 0.012667 0.022750
0 0.411667 0.080625 0.009667 0.018250
0 0.376167 0.118625 0.015667 0.021250
0 0.417667 0.131375 0.013333 0.023250
0 0.445583 0.119125 0.005167 0.018750
0 0.528917 0.991000 0.017833 0.018000
0 0.489500 0.900375 0.016667 0.029750
0 0.538000 0.856875 0.014000 0.031250
0 0.490417 0.694000 0.015500 0.030500
0 0.502333 0.591375 0.019667 0.032750
0 0.513917 0.478625 0.019500 0.032750
0 0.502500 0.390625 0.018000 0.026250
0 0.485417 0.341000 0.021167 0.027000
0 0.555167 0.209625 0.019667 0.027750
0 0.515250 0.115500 0.020167 0.031000
0 0.473667 0.058875 0.016000 0.025250
0 0.477000 0.010125 0.015333 0.019750
0 0.455583 0.005250 0.009833 0.010000
0 0.569083 0.124500 0.019500 0.033500
0 0.578167 0.031250 0.022000 0.037000
0 0.595667 0.308125 0.022667 0.032250
0 0.629250 0.078875 0.026167 0.036750
0 0.622833 0.127875 0.016667 0.030250
0 0.676083 0.164625 0.015500 0.029250
0 0.639917 0.225625 0.016500 0.028250
0 0.691083 0.293625 0.023833 0.036750
0 0.658083 0.326000 0.024167 0.029500
0 0.544833 0.412875 0.024000 0.026250
0 0.586083 0.478000 0.022833 0.040500
0 0.703583 0.424125 0.021833 0.034250
0 0.657667 0.520000 0.020333 0.036000
0 0.571917 0.601625 0.022833 0.031250
0 0.589333 0.659000 0.022667 0.032000
0 0.645000 0.654000 0.021333 0.030000
0 0.618583 0.784000 0.010833 0.035500
0 0.572667 0.890500 0.016667 0.029000
0 0.600583 0.862875 0.020833 0.031250
0 0.629500 0.839125 0.014333 0.042250
0 0.655000 0.852375 0.023000 0.050750
0 0.606750 0.924750 0.020167 0.039000
0 0.624833 0.985250 0.025000 0.029500
0 0.697250 0.830250 0.019500 0.026000
0 0.815417 0.858125 0.028167 0.040750
0 0.770333 0.769875 0.021333 0.026250
0 0.730750 0.690500 0.030500 0.030500
0 0.828083 0.709000 0.015167 0.031500
0 0.836500 0.640625 0.025000 0.034250
0 0.718583 0.559000 0.013167 0.027000
0 0.818833 0.538125 0.015000 0.024250
0 0.768333 0.378375 0.027667 0.029250
0 0.851083 0.445625 0.020500 0.031250
0 0.819417 0.278875 0.028833 0.035750
0 0.745333 0.188375 0.022000 0.032250
0 0.886500 0.056375 0.021333 0.038750
0 0.884500 0.093125 0.017000 0.027750
0 0.946750 0.067625 0.021167 0.026250
0 0.990917 0.009250 0.014167 0.018000
0 0.993167 0.167125 0.013667 0.030750
0 0.923500 0.177375 0.018667 0.030250
0 0.950083 0.197750 0.013833 0.025000
0 0.935917 0.243500 0.018833 0.042000
0 0.964333 0.266875 0.021667 0.036750
1 0.976917 0.339875 0.026500 0.038750
0 0.938417 0.668875 0.033500 0.031250
0 0.910500 0.766875 0.029333 0.038750
0 0.993167 0.771000 0.013667 0.038500
0 0.945583 0.812500 0.035500 0.046500
0 0.957333 0.984125 0.022000 0.031750
