0 0.036750 0.054667 0.039500 0.036333
0 0.080250 0.056167 0.026000 0.023000
0 0.084125 0.153417 0.023750 0.017167
0 0.144875 0.205667 0.026750 0.027333
0 0.054500 0.201417 0.031000 0.026833
0 0.012125 0.208417 0.023750 0.036833
0 0.013500 0.299417 0.026500 0.035833
0 0.103625 0.334917 0.032750 0.030833
0 0.061750 0.423167 0.034500 0.031000
0 0.020625 0.461917 0.040750 0.044833
0 0.093625 0.544167 0.042750 0.030000
0 0.044375 0.625167 0.037750 0.036667
0 0.037750 0.718917 0.043500 0.035500
0 0.048375 0.807667 0.038750 0.037000
0 0.029250 0.938917 0.040500 0.033833
0 0.099250 0.985000 0.043500 0.030000
0 0.206625 0.956417 0.048750 0.043167
0 0.196375 0.840417 0.038250 0.041167
0 0.154375 0.642917 0.034750 0.032833
0 0.221125 0.634667 0.036750 0.030667
0 0.245875 0.586167 0.043750 0.031667
0 0.276250 0.504917 0.030500 0.029167
0 0.183125 0.411917 0.047250 0.034500
0 0.253125 0.380167 0.038250 0.030000
0 0.334125 0.423167 0.036250 0.026000
0 0.276125 0.300167 0.038750 0.033000
0 0.323375 0.306167 0.028750 0.027000
0 0.349125 0.230917 0.028250 0.022167
0 0.419375 0.316167 0.030250 0.023667
0 0.404750 0.353167 0.038500 0.023667
0 0.456250 0.425167 0.024000 0.023667
0 0.415750 0.463667 0.031500 0.026667
0 0.401250 0.575917 0.034000 0.028500
0 0.471750 0.569667 0.032000 0.029667
0 0.359750 0.660667 0.030500 0.030333
0 0.310000 0.623917 0.030000 0.033167
0 0.400250 0.652417 0.039500 0.025500
0 0.424750 0.727167 0.026000 0.026667
0 0.343250 0.752417 0.029000 0.029167
0 0.411750 0.779167 0.040000 0.028333
0 0.295875 0.817417 0.043750 0.030500
0 0.424750 0.866667 0.025000 0.032000
0 0.377000 0.883167 0.029500 0.029000
0 0.380375 0.932167 0.042750 0.037667
0 0.556625 0.352417 0.035750 0.021833
0 0.642375 0.368667 0.018250 0.020333
0 0.478625 0.235917 0.031750 0.021500
0 0.615125 0.261167 0.029750 0.029333
0 0.659000 0.266917 0.023000 0.024500
0 0.567250 0.219667 0.023500 0.024000
0 0.541625 0.144167 0.025750 0.024667
0 0.663875 0.204417 0.017750 0.021167
0 0.633625 0.198167 0.022750 0.020333
0 0.598500 0.151917 0.025000 0.023167
0 0.659625 0.169417 0.017250 0.024167
0 0.682750 0.146917 0.020000 0.018500
0 0.641375 0.072167 0.018250 0.015333
0 0.572500 0.013750 0.025000 0.027167
0 0.616375 0.007667 0.021750 0.015000
0 0.623125 0.127417 0.025750 0.021833
0 0.074875 0.355583 0.036750 0.034500
