0 0.142583 0.033750 0.025167 0.067000
0 0.192083 0.010375 0.017833 0.020250
0 0.215583 0.072875 0.023167 0.041750
0 0.247833 0.027125 0.018667 0.038750
0 0.236083 0.087750 0.021833 0.035500
0 0.125167 0.093625 0.029333 0.042250
0 0.164333 0.179625 0.031333 0.139750
0 0.199250 0.232125 0.025833 0.046750
0 0.221250 0.213750 0.022167 0.046000
0 0.232333 0.195625 0.013000 0.029250
0 0.086083 0.218875 0.027167 0.049750
0 0.139500 0.281375 0.047667 0.151750
0 0.174333 0.323750 0.019333 0.045500
0 0.073250 0.377875 0.027500 0.059750
0 0.090167 0.432375 0.016333 0.036250
0 0.104417 0.426500 0.019167 0.050000
0 0.127167 0.422000 0.020333 0.052000
0 0.168167 0.462750 0.021333 0.042000
0 0.191667 0.492625 0.019333 0.046250
1 0.213917 0.453250 0.023167 0.044500
0 0.225333 0.423000 0.016000 0.026500
0 0.250500 0.397625 0.016667 0.036250
0 0.233500 0.341875 0.011333 0.021250
0 0.330917 0.401500 0.021167 0.028500
0 0.051667 0.602000 0.028667 0.053000
0 0.092500 0.593625 0.021667 0.053750
0 0.153917 0.643625 0.018833 0.048250
0 0.214417 0.587000 0.021500 0.044500
0 0.237917 0.605125 0.015833 0.044750
0 0.232333 0.643375 0.017000 0.034750
0 0.140000 0.698125 0.016667 0.034250
0 0.130083 0.740500 0.026833 0.048500
0 0.099500 0.811625 0.018000 0.036750
0 0.056000 0.833875 0.014667 0.031250
0 0.040000 0.842500 0.020667 0.049500
0 0.022167 0.963250 0.034667 0.073500
0 0.078750 0.989250 0.030167 0.021500
0 0.130583 0.912500 0.027833 0.050500
0 0.168250 0.936500 0.035500 0.127000
0 0.206417 0.908125 0.022500 0.044750
0 0.178417 0.780250 0.026833 0.051500
0 0.191667 0.770750 0.030333 0.124000
0 0.263667 0.982125 0.019000 0.035750
0 0.270417 0.906375 0.023833 0.039250
0 0.288000 0.939375 0.017333 0.040750
0 0.312917 0.948000 0.021833 0.021500
0 0.301167 0.975250 0.016667 0.038500
0 0.317667 0.846875 0.020333 0.034750
0 0.348000 0.826125 0.018333 0.039750
0 0.275833 0.775625 0.015000 0.036750
0 0.335667 0.695625 0.017667 0.034250
0 0.355583 0.639250 0.012500 0.033500
0 0.342667 0.550750 0.022000 0.028000
0 0.353500 0.497750 0.017333 0.022000
0 0.398167 0.409750 0.017333 0.027500
0 0.486417 0.076000 0.011500 0.033500
0 0.470417 0.106125 0.013500 0.034750
0 0.490250 0.169375 0.009167 0.020250
0 0.481833 0.245625 0.012000 0.018750
0 0.500250 0.261250 0.008500 0.027500
0 0.445917 0.292625 0.015500 0.029250
0 0.466500 0.291125 0.012667 0.031250
0 0.487083 0.297375 0.010833 0.035750
0 0.474333 0.343875 0.011333 0.029750
0 0.485917 0.346000 0.011167 0.027500
0 0.448583 0.387500 0.010833 0.026000
0 0.463000 0.433375 0.015667 0.030250
0 0.477750 0.431375 0.011167 0.026250
0 0.417500 0.549500 0.020667 0.025500
0 0.462083 0.574250 0.009833 0.025000
