0 0.014082 0.104311 0.027778 0.056424
0 0.036941 0.081453 0.073495 0.162326
0 0.095197 0.124855 0.034144 0.053530
0 0.135031 0.122106 0.033179 0.057870
0 0.140721 0.193432 0.036073 0.051215
0 0.062211 0.211950 0.120177 0.106192
0 0.220583 0.106337 0.129823 0.195312
0 0.290413 0.031395 0.056906 0.062211
0 0.275077 0.237847 0.105324 0.115741
0 0.093943 0.301505 0.015818 0.015046
0 0.053434 0.335359 0.022377 0.028935
0 0.007620 0.317130 0.014853 0.020833
0 0.042921 0.364583 0.016011 0.029514
0 0.102334 0.345052 0.066551 0.102141
0 0.143808 0.317708 0.063850 0.090278
0 0.230806 0.329427 0.051890 0.085359
0 0.217496 0.417390 0.063850 0.089410
0 0.270930 0.413484 0.091242 0.156829
0 0.123843 0.532552 0.034336 0.078993
0 0.200039 0.613715 0.038966 0.059028
0 0.129147 0.720341 0.050347 0.051215
0 0.180941 0.630353 0.186343 0.378762
0 0.095679 0.792245 0.016975 0.023727
0 0.123071 0.815104 0.020448 0.030093
0 0.033179 0.819878 0.065972 0.187211
0 0.032311 0.924913 0.022955 0.035590
0 0.100694 0.962095 0.015432 0.024884
0 0.133777 0.922454 0.036458 0.043403
0 0.262249 0.981771 0.046103 0.036458
0 0.286265 0.889468 0.045525 0.054977
0 0.345293 0.704572 0.042824 0.062500
0 0.385031 0.689815 0.027778 0.076389
0 0.394772 0.810475 0.019483 0.039352
0 0.416281 0.984954 0.032793 0.030093
0 0.477334 0.851562 0.010610 0.017940
0 0.353492 0.686198 0.125193 0.158854
0 0.389564 0.577112 0.041474 0.067998
0 0.364294 0.544416 0.021412 0.023438
0 0.388792 0.514034 0.019483 0.028646
0 0.347608 0.398148 0.060185 0.159144
1 0.483796 0.272859 0.133488 0.189815
0 0.647473 0.289641 0.144097 0.237847
0 0.734954 0.133247 0.041667 0.139757
0 0.779900 0.132668 0.136188 0.232350
0 0.809799 0.033420 0.058642 0.066262
0 0.817612 0.175781 0.038002 0.064525
0 0.678434 0.437500 0.062500 0.101273
0 0.695216 0.557581 0.085648 0.115741
0 0.615162 0.515336 0.040123 0.043981
0 0.658661 0.696615 0.097029 0.123553
0 0.547936 0.851273 0.090856 0.152199
0 0.580054 0.970052 0.085648 0.058738
0 0.673032 0.874711 0.032793 0.061921
0 0.888117 0.976418 0.019290 0.038484
0 0.830343 0.918258 0.140239 0.160590
0 0.950328 0.908131 0.099344 0.138021
0 0.977045 0.779803 0.045910 0.116319
0 0.787519 0.835938 0.013696 0.018519
0 0.820505 0.784578 0.108603 0.100405
0 0.976562 0.701823 0.014853 0.019965
0 0.991995 0.685619 0.016011 0.044271
0 0.868924 0.657407 0.014082 0.018519
0 0.889950 0.583623 0.028356 0.045718
0 0.837963 0.570168 0.013889 0.021701
0 0.861593 0.452112 0.019869 0.035590
0 0.974055 0.471209 0.051890 0.103877
0 0.741705 0.345052 0.014275 0.021701
0 0.812404 0.312066 0.022184 0.028067
0 0.833237 0.325087 0.015625 0.021123
0 0.942805 0.299479 0.038387 0.048032
0 0.929688 0.205874 0.036844 0.066262
0 0.906154 0.121672 0.026427 0.040220
0 0.951196 0.102431 0.020833 0.024306
0 0.993924 0.175781 0.012153 0.028646
