0 0.012566 0.007068 0.021164 0.010169
0 0.048280 0.012649 0.019841 0.011905
0 0.069940 0.020833 0.026786 0.011905
0 0.102844 0.038194 0.039021 0.019841
0 0.066964 0.034226 0.023479 0.010417
0 0.025132 0.028770 0.015873 0.009425
0 0.008763 0.035218 0.016865 0.009921
0 0.016534 0.043403 0.023810 0.011409
0 0.052083 0.061260 0.029431 0.012897
0 0.017196 0.078993 0.033730 0.020585
0 0.017526 0.106399 0.024471 0.013393
0 0.140046 0.059772 0.036706 0.021329
0 0.120866 0.089410 0.026786 0.010169
0 0.129134 0.114955 0.022817 0.010169
0 0.123843 0.133061 0.018849 0.011161
0 0.014550 0.122148 0.028439 0.018601
0 0.028770 0.134053 0.025132 0.014633
0 0.027612 0.162574 0.024802 0.011657
0 0.077877 0.162822 0.042659 0.025546
0 0.017526 0.183780 0.025794 0.010913
0 0.089120 0.207093 0.024140 0.010417
0 0.127480 0.210813 0.022156 0.010417
0 0.093419 0.278398 0.028108 0.022073
0 0.013228 0.278274 0.025794 0.015873
0 0.007440 0.317460 0.014220 0.017857
0 0.076389 0.346850 0.054894 0.028522
0 0.139716 0.334945 0.013558 0.012649
0 0.070602 0.442956 0.028108 0.014881
0 0.124835 0.523562 0.083003 0.038690
0 0.225198 0.526042 0.046296 0.022817
0 0.211310 0.505084 0.022487 0.013145
0 0.158730 0.504340 0.013228 0.010169
0 0.174272 0.523934 0.017857 0.011161
0 0.189153 0.550719 0.029762 0.015625
0 0.215608 0.576885 0.038360 0.023313
0 0.188492 0.597594 0.041005 0.027530
0 0.157242 0.626116 0.043320 0.026538
0 0.223545 0.624752 0.035714 0.017361
0 0.277447 0.627852 0.040344 0.022073
0 0.097057 0.673115 0.051257 0.036210
0 0.083333 0.751612 0.027778 0.016121
0 0.036872 0.788690 0.059854 0.038194
0 0.036376 0.862475 0.072090 0.054812
0 0.260417 0.898810 0.052579 0.041667
0 0.175926 0.977679 0.059524 0.044643
0 0.211144 0.748388 0.032077 0.022073
0 0.312996 0.785714 0.026786 0.021329
0 0.367394 0.783978 0.064153 0.035218
0 0.307540 0.713418 0.021825 0.022073
0 0.361607 0.654266 0.014881 0.015873
0 0.444610 0.625248 0.029431 0.022817
0 0.477844 0.600074 0.025794 0.020089
0 0.413029 0.506324 0.041005 0.029018
0 0.374504 0.470486 0.028108 0.015873
0 0.320437 0.470238 0.025794 0.015377
0 0.207011 0.444816 0.023810 0.014137
0 0.302745 0.445561 0.036706 0.026042
0 0.353340 0.447049 0.024140 0.013641
0 0.439153 0.451761 0.018519 0.012153
0 0.379464 0.425595 0.024140 0.014881
0 0.283399 0.422247 0.039021 0.023065
0 0.264550 0.403026 0.025132 0.015377
0 0.219742 0.399058 0.039352 0.023313
0 0.293320 0.387401 0.019841 0.013393
0 0.339616 0.388021 0.021825 0.010665
0 0.423611 0.388145 0.014550 0.010913
0 0.209656 0.320312 0.033069 0.020089
0 0.178902 0.292411 0.017857 0.007937
0 0.220734 0.293527 0.019511 0.009177
0 0.273313 0.333705 0.032077 0.020089
0 0.315476 0.336310 0.039683 0.020833
0 0.369048 0.339534 0.044312 0.020833
0 0.481978 0.373884 0.021495 0.014633
0 0.483300 0.337426 0.026786 0.016617
0 0.427249 0.324653 0.025132 0.012897
0 0.404431 0.338666 0.011905 0.008681
0 0.401951 0.309524 0.011574 0.009425
0 0.241402 0.280258 0.017857 0.009425
0 0.286376 0.282614 0.015212 0.010169
0 0.327712 0.281870 0.035053 0.019593
0 0.365079 0.284598 0.024471 0.014137
0 0.346396 0.269097 0.029431 0.020833
0 0.206349 0.257068 0.025132 0.011657
0 0.189484 0.243056 0.015873 0.012897
0 0.252976 0.233259 0.037698 0.013145
0 0.222884 0.210069 0.009921 0.008929
0 0.384259 0.247644 0.019841 0.011657
0 0.325231 0.236359 0.019511 0.012897
0 0.402778 0.236235 0.027778 0.018105
0 0.422619 0.228919 0.012566 0.008929
0 0.403770 0.216022 0.027778 0.015377
0 0.384094 0.204117 0.026786 0.012897
0 0.401290 0.178943 0.015542 0.009177
0 0.221230 0.137773 0.027778 0.015625
0 0.268519 0.139137 0.016534 0.008433
0 0.281085 0.165303 0.018519 0.008681
0 0.297123 0.156622 0.011574 0.007192
0 0.207672 0.119048 0.018519 0.008433
0 0.178902 0.088046 0.014550 0.009921
0 0.244048 0.121032 0.013889 0.007440
0 0.226190 0.112351 0.019841 0.008929
0 0.171131 0.016989 0.015542 0.007192
0 0.274967 0.120536 0.031415 0.017361
0 0.297784 0.116691 0.019511 0.010665
0 0.338294 0.112351 0.025794 0.017857
0 0.307540 0.126984 0.012566 0.008433
0 0.303406 0.085813 0.020172 0.014881
0 0.319610 0.083705 0.013558 0.010665
0 0.319444 0.094866 0.011243 0.007688
0 0.373677 0.090030 0.014550 0.009921
0 0.361607 0.093874 0.009590 0.008185
0 0.343585 0.098958 0.013228 0.007440
0 0.227183 0.060640 0.025132 0.012649
0 0.245866 0.046007 0.019511 0.011161
0 0.274967 0.058532 0.011574 0.007440
0 0.279266 0.048735 0.015542 0.010169
0 0.305060 0.062252 0.008267 0.007937
0 0.264550 0.035590 0.014550 0.017609
0 0.245866 0.033234 0.014220 0.008433
0 0.281085 0.034226 0.024471 0.010417
0 0.286541 0.026910 0.016865 0.010665
0 0.314815 0.017113 0.025132 0.013889
0 0.332011 0.013889 0.016534 0.007440
0 0.342758 0.020089 0.018849 0.007937
0 0.341270 0.031374 0.014550 0.008185
0 0.404927 0.078373 0.034061 0.010417
0 0.424438 0.005456 0.019511 0.010417
0 0.402447 0.016493 0.020503 0.008681
0 0.441303 0.013393 0.014220 0.006448
0 0.454365 0.005456 0.019841 0.010417
0 0.454200 0.031622 0.024140 0.012153
0 0.469907 0.026166 0.038360 0.009177
0 0.456680 0.045635 0.012566 0.006448
0 0.410714 0.043651 0.011905 0.007937
0 0.415013 0.034474 0.011905 0.005952
0 0.407407 0.055928 0.010582 0.011161
0 0.404927 0.066964 0.014220 0.006448
0 0.438327 0.069568 0.033399 0.012153
0 0.461971 0.096106 0.023148 0.012649
0 0.497685 0.063120 0.031746 0.015625
0 0.461971 0.108383 0.017196 0.010417
0 0.450066 0.113839 0.013228 0.011409
0 0.436839 0.150050 0.017196 0.009425
0 0.479663 0.131200 0.017526 0.008433
0 0.477017 0.117560 0.012897 0.008433
0 0.479167 0.181176 0.016534 0.013145
0 0.464616 0.208457 0.011905 0.009673
0 0.418981 0.127108 0.017196 0.013145
0 0.496362 0.209449 0.024471 0.015625
0 0.507440 0.183160 0.014881 0.008681
0 0.522487 0.175595 0.017857 0.006944
0 0.536872 0.182664 0.032077 0.014633
0 0.461475 0.276662 0.021495 0.011161
0 0.496693 0.275670 0.023810 0.008185
0 0.536706 0.277158 0.019841 0.009177
0 0.551918 0.267609 0.019180 0.010913
0 0.577050 0.276910 0.019180 0.009177
0 0.581019 0.320933 0.030423 0.019841
0 0.586310 0.485615 0.021825 0.017361
0 0.509590 0.625124 0.056217 0.027034
0 0.429563 0.712674 0.037698 0.027530
0 0.405423 0.821305 0.029762 0.034970
0 0.482639 0.897569 0.028770 0.016369
0 0.562169 0.973710 0.056217 0.031250
0 0.626819 0.897321 0.040013 0.022817
0 0.600860 0.935764 0.038360 0.021825
0 0.658399 0.856275 0.041667 0.023562
0 0.544147 0.814732 0.039352 0.024306
0 0.464782 0.747272 0.041997 0.022321
0 0.677745 0.806548 0.061177 0.035714
0 0.750000 0.809772 0.038360 0.030258
0 0.718750 0.741567 0.042659 0.038690
0 0.708003 0.597222 0.027778 0.018353
0 0.709325 0.531498 0.031085 0.016369
0 0.659557 0.527282 0.069775 0.038690
0 0.754630 0.502976 0.029101 0.021329
0 0.764054 0.490079 0.010251 0.008433
0 0.671131 0.449157 0.027447 0.021329
0 0.619378 0.415179 0.024471 0.014385
0 0.658399 0.372520 0.037698 0.024802
0 0.685351 0.354911 0.040675 0.039683
0 0.632275 0.354911 0.023810 0.015377
0 0.625331 0.322917 0.013889 0.009425
0 0.616402 0.277778 0.019180 0.009425
0 0.662368 0.297991 0.017857 0.015129
0 0.651620 0.275298 0.017526 0.011409
0 0.631448 0.268105 0.019511 0.007937
0 0.645503 0.255952 0.020503 0.010417
0 0.691799 0.275298 0.046958 0.020833
0 0.566964 0.252356 0.024802 0.011657
0 0.602183 0.234127 0.015873 0.009921
0 0.579530 0.226314 0.012897 0.005704
0 0.594081 0.215898 0.014220 0.007192
0 0.638889 0.233507 0.014550 0.008681
0 0.634094 0.217634 0.011574 0.007192
0 0.724041 0.256572 0.024802 0.012649
0 0.743221 0.247644 0.036706 0.011161
0 0.758102 0.228547 0.036045 0.012153
0 0.738426 0.218874 0.017196 0.012153
0 0.728671 0.203125 0.026786 0.013889
0 0.768684 0.207713 0.021495 0.009177
0 0.604663 0.186508 0.031415 0.010913
0 0.616237 0.179067 0.024802 0.010913
0 0.650132 0.182168 0.033730 0.013641
0 0.578373 0.164062 0.015212 0.007192
0 0.591601 0.157242 0.025132 0.011409
0 0.560847 0.141617 0.019841 0.011409
0 0.528770 0.127480 0.028439 0.013889
0 0.565972 0.121652 0.018849 0.010665
0 0.532738 0.108135 0.014550 0.008929
0 0.510251 0.081473 0.010582 0.007688
0 0.538194 0.084449 0.011574 0.011161
0 0.576224 0.093874 0.015542 0.012649
0 0.538525 0.027654 0.028108 0.012153
0 0.585483 0.033606 0.028108 0.015129
0 0.526290 0.054067 0.014220 0.010417
0 0.537202 0.049479 0.018188 0.008681
0 0.550926 0.055060 0.017196 0.011409
0 0.566964 0.060144 0.017526 0.014633
0 0.673611 0.065972 0.018519 0.012401
0 0.632771 0.097966 0.018849 0.007937
0 0.627149 0.103547 0.012897 0.007192
0 0.669147 0.101811 0.009590 0.006696
0 0.685020 0.015129 0.008929 0.009921
0 0.640873 0.048983 0.014550 0.014137
0 0.724537 0.050719 0.020503 0.012649
0 0.763558 0.069072 0.023148 0.013145
0 0.801587 0.028894 0.019180 0.011161
0 0.833499 0.085565 0.022156 0.013393
0 0.860450 0.081473 0.012566 0.009673
0 0.743056 0.112971 0.019841 0.012649
0 0.715939 0.111359 0.011905 0.009425
0 0.711640 0.140873 0.014550 0.008433
0 0.660053 0.163442 0.013228 0.011409
0 0.722222 0.154390 0.017857 0.009673
0 0.767857 0.131696 0.016534 0.009921
0 0.789848 0.139261 0.016204 0.010665
0 0.821098 0.180680 0.017857 0.009673
0 0.839616 0.177331 0.029101 0.013393
0 0.853505 0.163318 0.026455 0.011161
0 0.870370 0.142485 0.013228 0.007192
0 0.795139 0.250372 0.016865 0.014633
0 0.748677 0.291295 0.016534 0.014633
0 0.735284 0.307664 0.029431 0.029514
0 0.774306 0.321553 0.015542 0.016617
0 0.761739 0.331473 0.012235 0.016617
0 0.821098 0.315228 0.019841 0.019345
0 0.756448 0.349826 0.018188 0.014633
0 0.746032 0.378968 0.021164 0.018353
0 0.774140 0.375124 0.015212 0.014633
0 0.800099 0.366567 0.014881 0.013889
0 0.797950 0.382440 0.009921 0.008929
0 0.801918 0.401290 0.017196 0.012897
0 0.796296 0.411210 0.013889 0.011905
0 0.758433 0.436012 0.023479 0.026290
0 0.776620 0.482515 0.024802 0.023562
0 0.783896 0.535342 0.023479 0.021081
0 0.793320 0.629464 0.024471 0.027282
0 0.847718 0.606275 0.031415 0.029018
0 0.818122 0.688864 0.046958 0.022073
0 0.840278 0.761657 0.034392 0.033730
0 0.874008 0.805308 0.024471 0.021825
0 0.780919 0.894593 0.030093 0.023313
0 0.876653 0.946305 0.025132 0.024554
0 0.985946 0.911210 0.028108 0.020337
0 0.920304 0.791667 0.023810 0.019841
0 0.976521 0.684896 0.027778 0.031002
0 0.908399 0.656002 0.023148 0.027778
0 0.955357 0.566468 0.041005 0.035714
0 0.817791 0.467014 0.040344 0.040675
0 0.871528 0.479911 0.018849 0.014881
0 0.868221 0.458581 0.012235 0.011409
0 0.845238 0.443700 0.013889 0.014881
0 0.824074 0.378348 0.021164 0.018105
0 0.860780 0.253720 0.021164 0.020337
0 0.877811 0.211434 0.021495 0.011161
0 0.874835 0.183036 0.022817 0.013889
0 0.883433 0.125000 0.022156 0.012401
0 0.875661 0.034722 0.019180 0.012401
0 0.865079 0.020089 0.018519 0.011409
0 0.875331 0.009673 0.021164 0.013393
0 0.891700 0.019345 0.014881 0.009921
0 0.917163 0.019593 0.018188 0.010913
0 0.974206 0.007192 0.013228 0.008433
0 0.934028 0.026662 0.016865 0.009177
0 0.904597 0.038566 0.020172 0.011657
0 0.929233 0.059028 0.015873 0.012897
0 0.956845 0.059028 0.030093 0.013889
0 0.942626 0.078993 0.017526 0.014633
0 0.969742 0.076637 0.015542 0.014385
0 0.995866 0.109499 0.008267 0.013145
0 0.972222 0.110491 0.018519 0.011161
0 0.943783 0.111483 0.017857 0.013145
0 0.984292 0.133681 0.021495 0.011905
0 0.987269 0.171255 0.025463 0.012649
0 0.933201 0.175967 0.042328 0.017609
0 0.965939 0.214162 0.017857 0.010665
0 0.928075 0.227307 0.023479 0.015129
0 0.990741 0.268105 0.018519 0.016369
0 0.927910 0.269717 0.026455 0.020585
0 0.967758 0.315600 0.033399 0.022073
0 0.991402 0.311012 0.017196 0.021825
0 0.916501 0.349206 0.017526 0.013889
0 0.911541 0.365823 0.028770 0.014881
0 0.939319 0.382068 0.020172 0.010665
0 0.973380 0.376860 0.016865 0.010169
0 0.959325 0.414062 0.021825 0.015129
0 0.919974 0.417287 0.046296 0.012153
0 0.991402 0.466642 0.017196 0.015129
0 0.993717 0.543527 0.012566 0.010665
