0 0.477167 0.434500 0.010667 0.033500
0 0.463500 0.437625 0.017000 0.039250
0 0.399167 0.409625 0.020667 0.025250
0 0.417500 0.551250 0.024000 0.033000
0 0.462167 0.575875 0.008000 0.030250
0 0.445417 0.289750 0.013833 0.032000
0 0.466917 0.288250 0.013500 0.038500
0 0.479917 0.250000 0.015500 0.029000
0 0.489000 0.298250 0.015000 0.031500
0 0.474417 0.343250 0.013167 0.029000
0 0.486417 0.346750 0.010833 0.028000
0 0.499417 0.259375 0.007167 0.024750
0 0.471667 0.105250 0.018333 0.041500
0 0.488417 0.077750 0.015833 0.030500
0 0.490417 0.167125 0.006500 0.017750
0 0.331167 0.401875 0.017333 0.034250
0 0.342917 0.554625 0.021167 0.027750
0 0.351417 0.496500 0.017167 0.035000
0 0.355167 0.640250 0.017333 0.035000
0 0.336750 0.695875 0.021500 0.030250
0 0.247667 0.025375 0.022333 0.037250
0 0.215167 0.066875 0.024667 0.042250
0 0.235667 0.090500 0.022333 0.039500
0 0.233167 0.196500 0.015667 0.033000
0 0.222000 0.214375 0.025000 0.041750
0 0.200917 0.234250 0.027167 0.053500
0 0.124917 0.091125 0.035500 0.049750
0 0.085167 0.219000 0.027000 0.040000
0 0.070417 0.380750 0.031833 0.063500
0 0.050917 0.601000 0.025167 0.056500
0 0.091667 0.593750 0.019333 0.054000
0 0.169000 0.464375 0.020000 0.046250
0 0.192417 0.494000 0.020167 0.041500
0 0.090167 0.432375 0.018333 0.036250
0 0.105167 0.425875 0.020667 0.049250
0 0.127417 0.422250 0.021833 0.052000
0 0.139167 0.279625 0.048667 0.157250
0 0.174417 0.324125 0.020833 0.048250
0 0.164917 0.173875 0.034833 0.130750
0 0.142667 0.032500 0.028667 0.064500
0 0.039917 0.842125 0.023833 0.053750
0 0.057417 0.830500 0.015500 0.039500
0 0.099417 0.814500 0.019500 0.044000
0 0.129417 0.741750 0.026500 0.057500
0 0.140417 0.697875 0.015500 0.037750
0 0.154167 0.641750 0.020000 0.050000
0 0.131167 0.907000 0.027000 0.057500
0 0.021917 0.960375 0.035500 0.069750
0 0.178417 0.779750 0.025833 0.054000
0 0.213917 0.585875 0.022500 0.046750
0 0.237667 0.603000 0.017333 0.048500
0 0.232500 0.641625 0.017000 0.042750
0 0.276167 0.774750 0.012333 0.034000
0 0.347167 0.826875 0.020667 0.044250
0 0.317667 0.845125 0.020667 0.039250
0 0.269917 0.904000 0.021167 0.039500
0 0.286417 0.938000 0.016833 0.040000
0 0.312667 0.950375 0.022333 0.028750
0 0.191917 0.774000 0.036167 0.135500
0 0.168167 0.934000 0.040333 0.130000
0 0.077917 0.986625 0.029833 0.026750
0 0.261917 0.979500 0.021167 0.041000
0 0.300167 0.975125 0.015667 0.037750
0 0.205917 0.908625 0.021167 0.041250
0 0.232917 0.340375 0.014500 0.026250
0 0.251000 0.395250 0.015667 0.031000
0 0.225583 0.424500 0.015167 0.025500
