0 0.015625 0.105324 0.030864 0.056713
0 0.096065 0.121383 0.034722 0.069155
0 0.134356 0.123843 0.032986 0.063079
0 0.291184 0.035880 0.060378 0.071181
0 0.276042 0.237269 0.119599 0.101273
0 0.216049 0.107205 0.149306 0.190104
0 0.062693 0.209057 0.125000 0.111979
0 0.140529 0.186632 0.037616 0.057292
0 0.009549 0.319155 0.018711 0.024884
0 0.043789 0.364728 0.013117 0.024595
0 0.055170 0.336372 0.021219 0.026910
0 0.144194 0.317130 0.075424 0.092014
0 0.216532 0.416811 0.070795 0.092882
0 0.228299 0.332321 0.056906 0.098669
0 0.270640 0.415943 0.089506 0.165220
0 0.348090 0.399740 0.062307 0.166956
0 0.363619 0.542824 0.023920 0.028935
0 0.124518 0.722946 0.056906 0.051794
0 0.200714 0.614728 0.043017 0.061632
0 0.123650 0.536169 0.038580 0.086806
0 0.094907 0.790654 0.024691 0.030382
0 0.120370 0.818142 0.026235 0.055845
0 0.140721 0.925926 0.043789 0.063657
0 0.286941 0.891493 0.056906 0.058449
0 0.395930 0.807581 0.020640 0.043981
0 0.033275 0.925203 0.025270 0.043692
0 0.098187 0.958333 0.014660 0.021412
0 0.734761 0.121817 0.050926 0.148727
0 0.818383 0.176505 0.041860 0.081019
0 0.810860 0.310475 0.024498 0.031250
0 0.741995 0.345631 0.022569 0.036169
0 0.693576 0.560764 0.092400 0.113426
0 0.657697 0.692708 0.102431 0.135417
0 0.672840 0.872685 0.047068 0.068287
0 0.817901 0.782263 0.115741 0.109664
0 0.867670 0.656105 0.019676 0.020544
0 0.837577 0.567998 0.017361 0.021412
0 0.860725 0.449363 0.021219 0.041088
0 0.942612 0.298032 0.043017 0.054398
0 0.929688 0.203848 0.039545 0.065683
0 0.951100 0.100116 0.016782 0.021412
0 0.991802 0.168837 0.016397 0.028646
0 0.973862 0.470631 0.052276 0.124711
0 0.991802 0.686632 0.016397 0.052662
0 0.950039 0.904948 0.099923 0.146701
0 0.385417 0.516638 0.025849 0.035590
0 0.389468 0.693721 0.030093 0.077257
0 0.341339 0.706308 0.041474 0.070602
0 0.391590 0.582755 0.045525 0.081597
0 0.546971 0.853009 0.098958 0.157986
0 0.785494 0.835793 0.015818 0.025752
0 0.890336 0.978154 0.018711 0.040220
0 0.832948 0.324942 0.014660 0.020833
0 0.093846 0.300492 0.020640 0.025174
0 0.474923 0.853877 0.016975 0.021412
