0 0.040250 0.012083 0.045500 0.023833
0 0.099750 0.030583 0.071000 0.030167
0 0.033250 0.128583 0.043500 0.028167
0 0.085000 0.160667 0.032000 0.019333
0 0.263875 0.125000 0.087250 0.094333
0 0.311625 0.095333 0.034250 0.021000
0 0.359875 0.127083 0.046750 0.027167
0 0.238625 0.261250 0.044750 0.031167
0 0.069375 0.298917 0.060250 0.073833
0 0.183500 0.300000 0.026500 0.020333
0 0.027375 0.230333 0.041750 0.033667
0 0.417875 0.228750 0.085750 0.031500
0 0.302250 0.232083 0.099000 0.073500
0 0.352125 0.333667 0.052250 0.029667
0 0.410250 0.369417 0.044500 0.035167
0 0.528500 0.235167 0.118000 0.092000
0 0.529125 0.159583 0.039750 0.031500
0 0.476250 0.066917 0.093000 0.047500
0 0.585625 0.069917 0.054750 0.023167
0 0.638500 0.234083 0.062000 0.052833
0 0.747500 0.162250 0.063500 0.023167
0 0.810625 0.201417 0.099250 0.061500
0 0.750125 0.032500 0.096250 0.064667
0 0.805375 0.069250 0.048750 0.019500
0 0.980000 0.110333 0.040000 0.035667
0 0.962250 0.185667 0.075500 0.124000
0 0.941500 0.297000 0.095000 0.041333
0 0.704375 0.340000 0.151750 0.068333
0 0.812000 0.411583 0.055500 0.052167
0 0.758000 0.451083 0.041000 0.027833
0 0.706375 0.489250 0.050750 0.045167
0 0.521250 0.449500 0.042000 0.022667
0 0.285750 0.443333 0.056500 0.030667
0 0.344750 0.482833 0.051500 0.023667
0 0.223250 0.557250 0.067000 0.037167
0 0.397125 0.598917 0.043750 0.041833
0 0.053500 0.446750 0.050000 0.034500
0 0.169250 0.446750 0.031500 0.032167
0 0.055125 0.522083 0.096750 0.063500
0 0.037000 0.598083 0.033000 0.024167
0 0.223000 0.637417 0.121000 0.080167
0 0.339875 0.645417 0.130750 0.072500
0 0.269375 0.764500 0.050750 0.029000
0 0.385875 0.844583 0.066250 0.036500
0 0.579375 0.808333 0.041750 0.029667
0 0.886250 0.547833 0.060500 0.032333
0 0.869625 0.591417 0.046750 0.027833
0 0.967125 0.578667 0.065750 0.084333
0 0.949500 0.434167 0.087000 0.106000
0 0.026125 0.755000 0.051750 0.110333
0 0.318125 0.893500 0.051750 0.038667
0 0.510875 0.943333 0.032250 0.030667
0 0.035000 0.845917 0.069500 0.080167
0 0.583875 0.756167 0.120250 0.069333
0 0.865625 0.844417 0.122750 0.052167
0 0.962625 0.755583 0.074750 0.085500
0 0.056375 0.981167 0.036250 0.037667
0 0.316750 0.982250 0.047500 0.035500
0 0.444000 0.983083 0.084000 0.033833
0 0.557125 0.900333 0.105750 0.126333
0 0.706000 0.905917 0.145000 0.090167
0 0.858875 0.934167 0.050750 0.055333
0 0.810000 0.977417 0.056500 0.030167
0 0.601250 0.972833 0.100000 0.054333
