0 0.088415 0.217480 0.125000 0.085366
0 0.298018 0.177973 0.139482 0.280234
0 0.290968 0.371062 0.058308 0.035315
0 0.272485 0.385417 0.133384 0.161585
0 0.192645 0.592988 0.138338 0.248984
0 0.293826 0.670224 0.131098 0.292175
0 0.387386 0.711128 0.096418 0.197663
0 0.666921 0.702363 0.035061 0.048526
0 0.626524 0.810722 0.062500 0.052337
0 0.720274 0.875635 0.048780 0.052083
0 0.978659 0.790777 0.042683 0.015498
0 0.983041 0.835239 0.033918 0.023628
0 0.894436 0.950457 0.035061 0.019817
0 0.638529 0.984756 0.065168 0.030488
0 0.494284 0.888211 0.026677 0.050813
0 0.379192 0.963923 0.115854 0.072154
0 0.520770 0.979294 0.058308 0.028201
0 0.290015 0.035823 0.054116 0.032520
0 0.393864 0.036204 0.036966 0.024644
0 0.245998 0.969004 0.044588 0.028963
0 0.089558 0.944106 0.164634 0.111789
