0 0.371500 0.354250 0.060333 0.184500
0 0.225500 0.177750 0.039000 0.091500
0 0.196000 0.064750 0.048000 0.053500
0 0.186833 0.323500 0.056333 0.104000
0 0.125000 0.550000 0.063333 0.126000
0 0.226167 0.864250 0.047000 0.108500
0 0.222000 0.761750 0.072000 0.165500
0 0.291000 0.524000 0.052000 0.120000
0 0.391333 0.716250 0.029333 0.079500
0 0.446167 0.207000 0.023667 0.083000
0 0.538833 0.198500 0.025667 0.054000
0 0.522667 0.279750 0.022000 0.037500
0 0.597000 0.162750 0.019333 0.034500
0 0.592500 0.221750 0.020333 0.037500
0 0.562833 0.223250 0.023667 0.061500
0 0.544500 0.319250 0.023000 0.060500
0 0.555000 0.415250 0.020000 0.033500
0 0.536833 0.520000 0.021667 0.034000
0 0.476167 0.835500 0.025000 0.049000
0 0.457667 0.896000 0.032667 0.066000
0 0.559833 0.601750 0.045000 0.122500
0 0.584500 0.318750 0.019667 0.040500
0 0.577833 0.373250 0.023000 0.040500
0 0.564000 0.446500 0.017333 0.042000
0 0.638000 0.248500 0.020667 0.050000
0 0.610833 0.354000 0.018333 0.050000
0 0.608000 0.401750 0.018000 0.037500
0 0.655667 0.304750 0.022667 0.087500
0 0.642833 0.434000 0.022333 0.092000
0 0.644833 0.532500 0.043000 0.072000
0 0.712333 0.437250 0.015333 0.035500
0 0.694667 0.471000 0.016000 0.039000
0 0.705333 0.524750 0.016667 0.037500
0 0.688667 0.590250 0.029333 0.060500
0 0.649000 0.608500 0.061333 0.139000
0 0.650167 0.681250 0.021667 0.036500
0 0.633500 0.756500 0.060333 0.118000
0 0.638667 0.765750 0.022000 0.038500
0 0.580833 0.830500 0.025000 0.051000
0 0.571167 0.872500 0.023667 0.050000
0 0.548333 0.905750 0.016667 0.039500
0 0.514667 0.961250 0.049333 0.077500
0 0.735500 0.577500 0.018333 0.028000
0 0.757333 0.597500 0.024667 0.047000
0 0.770667 0.609750 0.024000 0.047500
0 0.794167 0.642250 0.030333 0.034500
0 0.719333 0.622750 0.021333 0.032500
0 0.696500 0.669250 0.034333 0.091500
0 0.678500 0.700000 0.011000 0.034000
0 0.736000 0.629250 0.007333 0.018500
0 0.725333 0.651750 0.014667 0.031500
0 0.741833 0.652500 0.015667 0.064000
0 0.653333 0.738250 0.019333 0.035500
0 0.673667 0.739500 0.023333 0.040000
0 0.728833 0.679750 0.015000 0.039500
0 0.656000 0.793750 0.015333 0.038500
0 0.636333 0.862750 0.038667 0.072500
0 0.616833 0.942000 0.023000 0.044000
0 0.598500 0.967500 0.029000 0.065000
0 0.634333 0.976500 0.028000 0.047000
0 0.673000 0.855750 0.021333 0.045500
0 0.664333 0.901500 0.031333 0.063000
0 0.654833 0.959000 0.020333 0.045000
0 0.691500 0.847750 0.019000 0.036500
0 0.756333 0.671000 0.017333 0.030000
0 0.772000 0.669000 0.014000 0.032000
0 0.784333 0.666500 0.010667 0.022000
0 0.797167 0.729000 0.025000 0.053000
0 0.740000 0.713500 0.026000 0.053000
0 0.723667 0.725250 0.021333 0.043500
0 0.765333 0.728250 0.012667 0.015500
0 0.752500 0.746750 0.022333 0.040500
0 0.731667 0.763250 0.020667 0.045500
0 0.713167 0.772750 0.015667 0.037500
0 0.781667 0.770750 0.020667 0.040500
0 0.795500 0.800250 0.016333 0.040500
0 0.779167 0.803500 0.016333 0.038000
0 0.745500 0.793250 0.016333 0.053500
0 0.763000 0.800250 0.018000 0.042500
0 0.801167 0.843750 0.027000 0.029500
0 0.783667 0.852250 0.011333 0.018500
0 0.783667 0.871000 0.008000 0.018000
0 0.769667 0.867250 0.018000 0.053500
0 0.769833 0.827500 0.015667 0.025000
0 0.755000 0.839250 0.012667 0.024500
0 0.742500 0.921250 0.026333 0.076500
0 0.729333 0.890500 0.016000 0.032000
0 0.725333 0.926500 0.014000 0.036000
0 0.692000 0.805500 0.034667 0.058000
0 0.801667 0.903500 0.024000 0.053000
0 0.777667 0.913250 0.020667 0.040500
0 0.759333 0.926500 0.016667 0.038000
0 0.779500 0.958500 0.026333 0.030000
0 0.752167 0.988750 0.028333 0.022500
0 0.795500 0.991500 0.015000 0.017000
0 0.800000 0.968250 0.016000 0.016500
0 0.839500 0.821750 0.010333 0.020500
0 0.841333 0.868250 0.010000 0.016500
0 0.849000 0.888500 0.012667 0.021000
0 0.848000 0.924250 0.014000 0.018500
0 0.841000 0.942500 0.012000 0.020000
0 0.851167 0.989000 0.012333 0.020000
0 0.599333 0.846750 0.019333 0.027500
0 0.692000 0.899750 0.028000 0.049500
0 0.117000 0.239750 0.086000 0.261500
