0 0.031625 0.142549 0.062750 0.082585
0 0.226125 0.020646 0.050250 0.040934
0 0.135125 0.166248 0.055750 0.047397
0 0.041750 0.275045 0.066000 0.036984
0 0.218250 0.188330 0.069000 0.053860
0 0.275625 0.196320 0.039750 0.031777
0 0.341000 0.164632 0.044000 0.035907
0 0.523250 0.017504 0.044000 0.034650
0 0.681250 0.066607 0.234000 0.132855
0 0.580000 0.163645 0.207500 0.190126
0 0.739625 0.170377 0.061750 0.053860
0 0.805750 0.217953 0.056000 0.060323
0 0.903500 0.183662 0.069000 0.050628
0 0.928500 0.206373 0.051500 0.032855
0 0.317500 0.247038 0.041000 0.031598
0 0.221125 0.305117 0.045750 0.023160
0 0.341750 0.293986 0.042500 0.026391
0 0.521875 0.289228 0.038250 0.031598
0 0.451375 0.313016 0.041250 0.028546
0 0.359375 0.333573 0.042750 0.021185
0 0.638000 0.313555 0.056000 0.046499
0 0.879250 0.301436 0.070500 0.051706
0 0.834375 0.345781 0.051250 0.032675
0 0.674000 0.359964 0.048500 0.035907
0 0.835875 0.421724 0.054250 0.034829
0 0.876250 0.494614 0.117500 0.091921
0 0.424125 0.379533 0.042750 0.034829
0 0.379250 0.427110 0.035500 0.034829
0 0.198375 0.441293 0.161750 0.126750
0 0.149125 0.508887 0.030750 0.025314
0 0.199875 0.530072 0.035250 0.027469
0 0.248375 0.553232 0.044250 0.029623
0 0.320375 0.527917 0.044250 0.027469
0 0.293875 0.570108 0.061750 0.044345
0 0.051500 0.713375 0.102500 0.062657
0 0.046625 0.876840 0.044250 0.021185
0 0.026250 0.902244 0.052000 0.036086
0 0.211500 0.745512 0.037000 0.019210
0 0.301250 0.688061 0.057500 0.027828
0 0.298000 0.787433 0.034500 0.023339
0 0.345625 0.815350 0.029750 0.022083
0 0.397500 0.829713 0.029500 0.019928
0 0.441125 0.687343 0.085250 0.078456
0 0.568625 0.646140 0.029250 0.016876
0 0.579375 0.718941 0.022250 0.014542
0 0.557125 0.743178 0.026250 0.016338
0 0.598750 0.745601 0.027000 0.017594
0 0.580125 0.770377 0.026250 0.018312
0 0.819625 0.807181 0.025750 0.016517
0 0.758125 0.758169 0.082250 0.042729
0 0.691875 0.686625 0.040750 0.017056
0 0.727375 0.669928 0.043750 0.017415
0 0.787875 0.617684 0.060750 0.029623
0 0.841875 0.606643 0.024250 0.024776
0 0.535125 0.536266 0.039250 0.017953
0 0.548625 0.563645 0.029750 0.012747
0 0.636375 0.563645 0.029750 0.019569
0 0.758750 0.583573 0.031000 0.020287
0 0.751375 0.561939 0.051250 0.023698
0 0.740875 0.538151 0.052250 0.022801
0 0.699000 0.519928 0.059000 0.029084
0 0.710500 0.496230 0.050500 0.023339
1 0.535500 0.478995 0.114000 0.077199
0 0.837875 0.490575 0.035250 0.061580
