0 0.035288 0.731978 0.070080 0.073082
0 0.109717 0.862682 0.109095 0.071925
0 0.221546 0.886078 0.026093 0.029431
0 0.203280 0.950728 0.043241 0.038029
0 0.040507 0.927331 0.024851 0.018684
0 0.582381 0.879216 0.051938 0.079200
0 0.493912 0.670718 0.077783 0.067626
0 0.527957 0.666749 0.072316 0.092758
0 0.574925 0.654927 0.082256 0.091931
0 0.912525 0.662037 0.050696 0.028770
0 0.820701 0.723876 0.044483 0.024471
0 0.812624 0.779266 0.062624 0.041667
0 0.936754 0.760334 0.045477 0.038194
0 0.951044 0.806217 0.073559 0.042328
0 0.982480 0.880208 0.035040 0.036541
0 0.828280 0.871610 0.048708 0.039517
0 0.809891 0.808036 0.072565 0.040344
0 0.670477 0.938492 0.126243 0.041005
0 0.632704 0.901124 0.083002 0.066799
0 0.860711 0.265294 0.046471 0.040179
0 0.607729 0.177910 0.145875 0.104167
0 0.835239 0.120040 0.131710 0.169643
