0 0.142130 0.110069 0.058333 0.125694
0 0.074537 0.194792 0.106481 0.088194
0 0.239352 0.177083 0.069444 0.059722
0 0.049074 0.271528 0.092593 0.065278
0 0.153704 0.294792 0.088889 0.049306
0 0.332870 0.253125 0.052778 0.040972
0 0.479167 0.230556 0.110185 0.069444
0 0.629167 0.211458 0.056481 0.064583
0 0.878704 0.300000 0.075926 0.055556
0 0.429630 0.315972 0.094444 0.058333
0 0.560185 0.334722 0.074074 0.044444
0 0.066204 0.351736 0.119444 0.071528
0 0.009259 0.382986 0.016667 0.029861
0 0.262963 0.351042 0.122222 0.050694
0 0.166667 0.407639 0.131481 0.083333
0 0.355093 0.426736 0.069444 0.049306
0 0.539815 0.427778 0.105556 0.056944
0 0.676852 0.430208 0.061111 0.053472
0 0.791667 0.401042 0.075926 0.054861
0 0.821296 0.465625 0.066667 0.038194
0 0.953704 0.467361 0.092593 0.054167
0 0.765278 0.554514 0.063889 0.036806
0 0.586111 0.515278 0.087037 0.048611
0 0.445370 0.495833 0.096296 0.054167
0 0.289815 0.524306 0.070370 0.043056
0 0.062963 0.489236 0.072222 0.046528
0 0.168981 0.532292 0.171296 0.068750
0 0.197222 0.615278 0.087037 0.066667
0 0.409259 0.591319 0.027778 0.022917
0 0.482870 0.638542 0.056481 0.039583
0 0.653704 0.660417 0.053704 0.033333
0 0.142593 0.699306 0.062963 0.027778
0 0.030556 0.759722 0.059259 0.030556
0 0.209722 0.754514 0.065741 0.027083
0 0.340278 0.728125 0.060185 0.054861
0 0.956481 0.712500 0.066667 0.040278
0 0.038889 0.819792 0.075926 0.024306
0 0.215741 0.911458 0.090741 0.040972
0 0.280093 0.966667 0.071296 0.038889
0 0.346759 0.961458 0.058333 0.039583
0 0.433796 0.963889 0.049074 0.025000
0 0.478241 0.912153 0.036111 0.028472
0 0.406944 0.852778 0.039815 0.023611
0 0.336111 0.804514 0.079630 0.043750
0 0.528704 0.799306 0.133333 0.059722
0 0.625463 0.828125 0.060185 0.024306
0 0.649074 0.944444 0.042593 0.030556
0 0.805093 0.938194 0.037963 0.033333
0 0.944907 0.926736 0.056481 0.025694
0 0.718519 0.856597 0.066667 0.036806
0 0.910648 0.801736 0.089815 0.059028
0 0.767130 0.776042 0.069444 0.028472
