0 0.079167 0.011806 0.067593 0.022222
0 0.265278 0.048264 0.176852 0.095139
0 0.503241 0.022917 0.073148 0.044444
0 0.681944 0.011111 0.084259 0.020833
0 0.886574 0.022917 0.126852 0.044444
0 0.033796 0.177431 0.065741 0.103472
0 0.159722 0.146528 0.150926 0.116667
0 0.533796 0.168750 0.113889 0.100000
0 0.722222 0.168056 0.120370 0.084722
0 0.955556 0.156250 0.087037 0.098611
0 0.360185 0.238542 0.118519 0.084028
0 0.149537 0.302083 0.134259 0.056944
0 0.028241 0.344444 0.054630 0.041667
0 0.293519 0.369792 0.127778 0.093750
0 0.480556 0.350347 0.087037 0.065972
0 0.618519 0.302431 0.116667 0.075694
0 0.799537 0.296875 0.075000 0.088194
0 0.968519 0.280556 0.062963 0.061111
0 0.568519 0.434722 0.112963 0.076389
0 0.682870 0.423264 0.086111 0.050694
0 0.844444 0.430903 0.150000 0.084028
0 0.985648 0.411111 0.028704 0.055556
0 0.131944 0.448958 0.102778 0.053472
0 0.037500 0.495486 0.073148 0.070139
0 0.256944 0.466667 0.080556 0.040278
0 0.375463 0.503125 0.078704 0.042361
0 0.471759 0.511458 0.049074 0.018750
0 0.584259 0.547569 0.092593 0.061806
0 0.749537 0.519792 0.063889 0.028472
0 0.914815 0.510069 0.144444 0.059028
0 0.943981 0.586806 0.052778 0.031944
0 0.779630 0.602083 0.040741 0.022222
0 0.632407 0.617708 0.066667 0.040972
0 0.484722 0.611806 0.087963 0.050000
0 0.321759 0.610069 0.050926 0.029861
0 0.179167 0.602778 0.060185 0.036111
0 0.112037 0.658681 0.055556 0.021528
0 0.076389 0.710069 0.073148 0.022917
0 0.191667 0.666319 0.055556 0.032639
0 0.107407 0.750347 0.035185 0.015972
0 0.055556 0.781944 0.048148 0.020833
0 0.249537 0.723611 0.065741 0.019444
0 0.368056 0.690625 0.071296 0.029861
0 0.543056 0.691319 0.043519 0.027083
0 0.658796 0.684722 0.065741 0.036111
0 0.790278 0.667361 0.050926 0.027778
0 0.938889 0.656250 0.057407 0.027778
0 0.904167 0.732639 0.032407 0.015278
0 0.929630 0.789236 0.059259 0.028472
0 0.770833 0.740972 0.049074 0.018056
0 0.972222 0.819792 0.050000 0.031250
0 0.825000 0.789931 0.042593 0.025694
0 0.932407 0.867361 0.029630 0.015278
0 0.938889 0.935417 0.037037 0.018056
0 0.865278 0.926389 0.060185 0.036111
0 0.825463 0.871528 0.047222 0.026389
0 0.780556 0.916667 0.053704 0.023611
0 0.705556 0.797569 0.066667 0.027083
0 0.643056 0.747917 0.065741 0.027778
0 0.532870 0.751042 0.036111 0.015972
0 0.439815 0.706944 0.033333 0.020833
0 0.350463 0.754861 0.047222 0.022222
0 0.190278 0.779514 0.049074 0.024306
0 0.091204 0.828125 0.050926 0.031250
0 0.080093 0.861806 0.037963 0.018056
0 0.041204 0.910417 0.039815 0.022222
0 0.130556 0.932292 0.040741 0.021528
0 0.212963 0.923264 0.025926 0.017361
0 0.375000 0.974653 0.035185 0.021528
0 0.305556 0.902431 0.051852 0.032639
0 0.203241 0.871181 0.047222 0.034028
0 0.228704 0.825347 0.040741 0.017361
0 0.395833 0.906944 0.041667 0.022222
0 0.331019 0.842361 0.032407 0.018056
0 0.317130 0.796528 0.071296 0.034722
0 0.449074 0.772222 0.035185 0.019444
0 0.449537 0.921528 0.025000 0.018056
0 0.563426 0.954167 0.026852 0.016667
0 0.686574 0.932639 0.049074 0.027778
0 0.627315 0.918750 0.063889 0.036111
0 0.526852 0.904167 0.038889 0.023611
0 0.444907 0.863542 0.036111 0.022917
0 0.469907 0.822917 0.054630 0.031944
0 0.555093 0.846528 0.030556 0.018056
0 0.584722 0.802083 0.039815 0.025000
0 0.650000 0.845833 0.035185 0.020833
0 0.784722 0.842014 0.039815 0.020139
0 0.016204 0.822917 0.030556 0.019444
