0 0.031944 0.023264 0.062037 0.045139
0 0.129167 0.027778 0.075000 0.052778
0 0.205556 0.068750 0.077778 0.056944
0 0.415741 0.069444 0.098148 0.077778
0 0.646759 0.142361 0.078704 0.056944
0 0.756481 0.059375 0.066667 0.043750
0 0.936111 0.132292 0.083333 0.039583
0 0.902315 0.289236 0.075000 0.060417
0 0.937500 0.375000 0.091667 0.044444
0 0.936574 0.467708 0.037963 0.042361
0 0.865278 0.440625 0.060185 0.035417
0 0.772685 0.414583 0.071296 0.040278
0 0.693519 0.398611 0.085185 0.051389
0 0.659259 0.330556 0.074074 0.041667
0 0.738889 0.237847 0.094444 0.054861
0 0.644907 0.245833 0.086111 0.063889
0 0.826852 0.139931 0.081481 0.057639
0 0.738889 0.140625 0.092593 0.075694
0 0.892593 0.547569 0.051852 0.042361
0 0.833796 0.617014 0.062037 0.040972
0 0.918519 0.641667 0.066667 0.040278
0 0.733333 0.584722 0.088889 0.041667
0 0.693056 0.467014 0.082407 0.056250
0 0.744907 0.517361 0.076852 0.051389
0 0.652778 0.538194 0.059259 0.037500
0 0.635648 0.606250 0.056481 0.041667
0 0.526852 0.605556 0.105556 0.054167
0 0.527315 0.680208 0.076852 0.038194
0 0.641667 0.677431 0.064815 0.046528
0 0.727315 0.665972 0.076852 0.034722
0 0.489352 0.540278 0.089815 0.044444
0 0.577778 0.537847 0.075926 0.049306
0 0.516667 0.488889 0.085185 0.047222
0 0.606481 0.479167 0.079630 0.054167
0 0.604630 0.413542 0.072222 0.046528
0 0.569444 0.323958 0.094444 0.067361
0 0.765278 0.342708 0.089815 0.065972
0 0.719907 0.805556 0.054630 0.026389
0 0.973148 0.520486 0.053704 0.052083
0 0.974537 0.591667 0.050926 0.044444
0 0.964815 0.191319 0.070370 0.056250
0 0.612037 0.046875 0.109259 0.075694
0 0.501852 0.020833 0.107407 0.040278
0 0.317130 0.138194 0.123148 0.098611
0 0.450463 0.151736 0.123148 0.072917
0 0.468519 0.228125 0.116667 0.070139
0 0.468519 0.295486 0.077778 0.054861
0 0.262963 0.192708 0.087037 0.059028
0 0.143519 0.158681 0.079630 0.063194
0 0.160648 0.237500 0.076852 0.061111
0 0.262963 0.267014 0.074074 0.049306
0 0.362500 0.275347 0.084259 0.067361
0 0.046759 0.151389 0.091667 0.066667
0 0.043056 0.242014 0.084259 0.065972
0 0.128241 0.321875 0.087963 0.060417
0 0.269444 0.357986 0.064815 0.045139
0 0.365741 0.367361 0.083333 0.070833
0 0.841667 0.015972 0.109259 0.030556
0 0.035648 0.318750 0.065741 0.063889
0 0.048148 0.415278 0.087037 0.050000
0 0.145833 0.397917 0.089815 0.055556
0 0.254167 0.429167 0.091667 0.050000
0 0.356481 0.433333 0.061111 0.054167
0 0.430556 0.429167 0.064815 0.045833
0 0.515278 0.418403 0.069444 0.050694
0 0.429167 0.490972 0.060185 0.045833
0 0.117130 0.489583 0.060185 0.048611
0 0.200926 0.485069 0.083333 0.049306
0 0.300000 0.561806 0.066667 0.048611
0 0.402778 0.555903 0.081481 0.052083
0 0.412500 0.618750 0.076852 0.044444
0 0.316667 0.630556 0.062963 0.041667
0 0.420833 0.691667 0.062037 0.036111
0 0.415278 0.758333 0.065741 0.033333
0 0.518981 0.751736 0.058333 0.029861
0 0.613889 0.811806 0.059259 0.031944
0 0.615278 0.951042 0.039815 0.034028
0 0.712963 0.953472 0.055556 0.045833
0 0.819444 0.950000 0.062963 0.047222
0 0.825463 0.731944 0.043519 0.029167
0 0.879630 0.703819 0.061111 0.031250
0 0.862037 0.765972 0.048148 0.026389
0 0.891667 0.840278 0.085185 0.033333
0 0.804167 0.813194 0.058333 0.034722
0 0.821759 0.883333 0.065741 0.030556
0 0.715741 0.868056 0.068519 0.038889
0 0.606944 0.873958 0.071296 0.036806
0 0.495370 0.819097 0.050000 0.034028
0 0.405093 0.833333 0.049074 0.034722
0 0.962037 0.873264 0.038889 0.031250
0 0.962037 0.931944 0.040741 0.027778
0 0.513889 0.949306 0.066667 0.029167
0 0.400000 0.955903 0.062963 0.036806
0 0.297685 0.954514 0.060185 0.039583
0 0.287037 0.829514 0.061111 0.032639
0 0.200926 0.898958 0.042593 0.031250
0 0.347685 0.892014 0.056481 0.032639
0 0.218056 0.954861 0.034259 0.030556
0 0.121296 0.961111 0.059259 0.029167
0 0.105556 0.891667 0.050000 0.041667
0 0.022685 0.956944 0.043519 0.030556
0 0.121759 0.839236 0.058333 0.022917
0 0.202778 0.820486 0.044444 0.025694
0 0.151389 0.775694 0.052778 0.027778
0 0.198148 0.715972 0.040741 0.026389
0 0.302315 0.756250 0.067593 0.031944
0 0.082407 0.800694 0.055556 0.031944
0 0.031481 0.845486 0.046296 0.035417
0 0.025463 0.791319 0.049074 0.035417
0 0.060648 0.749653 0.045370 0.034028
0 0.186111 0.651736 0.070370 0.036806
0 0.180093 0.593403 0.078704 0.046528
0 0.096759 0.645486 0.060185 0.029861
0 0.040278 0.685764 0.058333 0.034028
0 0.080556 0.586458 0.059259 0.038194
0 0.717593 0.745486 0.077778 0.043750
