0 0.857407 0.189931 0.118519 0.081250
0 0.924537 0.077778 0.150926 0.101389
0 0.958796 0.210417 0.082407 0.088889
0 0.910185 0.365972 0.118519 0.072222
0 0.931944 0.472569 0.093519 0.081250
0 0.987963 0.492014 0.024074 0.040972
0 0.961574 0.576389 0.076852 0.083333
0 0.930556 0.654167 0.074074 0.055556
0 0.937037 0.719444 0.098148 0.044444
0 0.836111 0.640625 0.077778 0.068750
0 0.725463 0.642708 0.086111 0.074306
0 0.813889 0.755208 0.120370 0.071528
0 0.946759 0.817708 0.084259 0.034028
0 0.980093 0.759028 0.039815 0.036111
0 0.563889 0.552431 0.109259 0.067361
0 0.445833 0.576389 0.126852 0.063889
0 0.474074 0.461111 0.114815 0.066667
0 0.254630 0.453472 0.087037 0.059722
0 0.162037 0.455208 0.087037 0.050694
0 0.274537 0.521875 0.069444 0.064583
0 0.150000 0.386458 0.116667 0.081250
0 0.077315 0.292014 0.125000 0.053472
0 0.244907 0.279861 0.126852 0.052778
0 0.304167 0.228125 0.113889 0.053472
0 0.414352 0.202431 0.112037 0.061806
0 0.423611 0.275000 0.108333 0.070833
0 0.540741 0.293403 0.124074 0.057639
0 0.637963 0.263194 0.144444 0.051389
0 0.729167 0.299306 0.121296 0.050000
0 0.698148 0.378125 0.111111 0.054861
0 0.524537 0.357639 0.091667 0.055556
0 0.431481 0.372917 0.087037 0.062500
0 0.309722 0.375000 0.093519 0.061111
0 0.019907 0.387153 0.037963 0.052083
0 0.014352 0.218056 0.026852 0.047222
0 0.909722 0.293403 0.089815 0.042361
0 0.704167 0.458333 0.099074 0.061111
0 0.598148 0.435764 0.098148 0.067361
0 0.083333 0.444792 0.105556 0.057639
0 0.147222 0.575347 0.057407 0.050694
0 0.183333 0.620833 0.061111 0.037500
0 0.095833 0.651042 0.065741 0.040972
0 0.333796 0.634375 0.093519 0.053472
0 0.352778 0.741667 0.074074 0.069444
0 0.435185 0.856944 0.094444 0.052778
0 0.708333 0.869097 0.090741 0.070139
0 0.649537 0.745833 0.095370 0.065278
0 0.545833 0.743056 0.087963 0.076389
0 0.478241 0.786458 0.063889 0.056250
0 0.615278 0.654861 0.080556 0.080556
0 0.520370 0.668056 0.096296 0.063889
0 0.423611 0.700347 0.062037 0.070139
0 0.246296 0.706944 0.072222 0.059722
0 0.121296 0.719444 0.085185 0.055556
0 0.025463 0.688889 0.049074 0.048611
0 0.014352 0.740625 0.026852 0.045139
0 0.068056 0.769792 0.078704 0.049306
0 0.161574 0.792014 0.093519 0.053472
0 0.275463 0.788889 0.082407 0.059722
0 0.056481 0.514236 0.111111 0.045139
0 0.125926 0.598958 0.250000 0.211806
0 0.107407 0.854167 0.100000 0.051389
0 0.108333 0.904514 0.061111 0.038194
0 0.187963 0.973611 0.096296 0.052778
0 0.306481 0.987500 0.048148 0.025000
0 0.455093 0.965972 0.099074 0.068056
0 0.617130 0.975694 0.076852 0.048611
0 0.719444 0.964931 0.074074 0.049306
0 0.824537 0.985069 0.110185 0.029861
0 0.910648 0.954167 0.050926 0.044444
0 0.979630 0.933333 0.040741 0.093056
0 0.887037 0.876736 0.107407 0.072917
0 0.798148 0.920139 0.074074 0.059722
0 0.797685 0.825347 0.087963 0.061806
0 0.588426 0.830556 0.099074 0.075000
0 0.529167 0.894444 0.086111 0.052778
0 0.334259 0.874653 0.075926 0.077083
0 0.232870 0.895486 0.045370 0.065972
0 0.290278 0.941667 0.069444 0.066667
0 0.073148 0.957292 0.074074 0.043750
0 0.022222 0.920486 0.042593 0.060417
0 0.017593 0.862500 0.033333 0.040278
0 0.223148 0.838889 0.096296 0.044444
0 0.891667 0.547222 0.059259 0.079167
0 0.792130 0.546875 0.078704 0.075694
0 0.705556 0.539583 0.070370 0.063889
