0 0.049578 0.341766 0.098658 0.072751
0 0.153579 0.115658 0.043241 0.037533
0 0.464960 0.036458 0.166004 0.072586
0 0.915631 0.043155 0.168738 0.085648
0 0.789761 0.171379 0.178926 0.140046
0 0.371397 0.354415 0.101143 0.085152
0 0.310139 0.317460 0.087972 0.097222
1 0.557033 0.312500 0.117545 0.087302
1 0.786531 0.305308 0.198807 0.139054
0 0.790507 0.428902 0.144135 0.119048
0 0.885065 0.624587 0.081262 0.073909
0 0.972788 0.746032 0.054423 0.081019
0 0.947937 0.920635 0.104125 0.099537
0 0.679548 0.967345 0.107604 0.060681
