0 0.285288 0.150380 0.068091 0.034226
0 0.300199 0.195602 0.094433 0.069444
0 0.311009 0.238591 0.096173 0.069444
0 0.843564 0.109623 0.077783 0.042989
0 0.838593 0.235780 0.077783 0.046296
0 0.605865 0.530837 0.043241 0.045139
0 0.090582 0.663194 0.023111 0.076058
0 0.042122 0.641286 0.083748 0.168155
0 0.035537 0.804315 0.070577 0.164187
0 0.378106 0.879216 0.107604 0.080522
0 0.533797 0.938657 0.100895 0.069444
0 0.779821 0.902860 0.135686 0.103671
0 0.782306 0.818039 0.064612 0.055060
0 0.724404 0.772817 0.074553 0.063823
0 0.976019 0.707507 0.047962 0.047950
