0 0.058946 0.023373 0.044409 0.045783
0 0.117891 0.032048 0.041534 0.063133
0 0.157668 0.014217 0.027796 0.027470
0 0.089776 0.096867 0.026837 0.049157
0 0.039617 0.116386 0.032588 0.051566
0 0.006390 0.185783 0.012141 0.052530
0 0.086901 0.270843 0.012780 0.024096
0 0.014377 0.291566 0.027476 0.061687
0 0.088978 0.436627 0.046326 0.089639
0 0.050479 0.499036 0.042173 0.138313
0 0.032907 0.563614 0.014058 0.029398
0 0.078594 0.572289 0.033227 0.091084
0 0.048882 0.647229 0.023642 0.055904
0 0.026997 0.642169 0.026518 0.050602
0 0.057348 0.748193 0.023323 0.067952
0 0.051597 0.814217 0.016294 0.031325
0 0.015176 0.962892 0.027796 0.057831
0 0.042332 0.973735 0.023323 0.036145
0 0.059105 0.959036 0.014058 0.036627
0 0.045048 0.900241 0.024281 0.053012
0 0.068530 0.886506 0.023323 0.039036
0 0.119329 0.944578 0.023323 0.037590
0 0.128115 0.879277 0.024281 0.059277
0 0.135304 0.813494 0.016933 0.044337
0 0.154153 0.809398 0.015655 0.040964
0 0.150160 0.738795 0.015335 0.040482
0 0.168051 0.732289 0.018530 0.049639
0 0.198722 0.717108 0.050479 0.128193
0 0.167572 0.633253 0.055911 0.158072
0 0.198722 0.609157 0.012780 0.029880
0 0.184345 0.536386 0.019808 0.042410
0 0.191853 0.463373 0.017572 0.035181
0 0.203514 0.393012 0.020447 0.046747
0 0.234185 0.187711 0.014696 0.042892
0 0.256550 0.054940 0.015335 0.028916
0 0.261182 0.137349 0.023323 0.033735
0 0.285623 0.083855 0.022364 0.032771
0 0.320128 0.018554 0.014058 0.034217
0 0.323482 0.096867 0.023962 0.033735
0 0.330511 0.119518 0.016933 0.026988
0 0.289936 0.142410 0.025879 0.039036
0 0.330671 0.162410 0.022364 0.059759
0 0.370288 0.187470 0.023642 0.053012
0 0.382907 0.225783 0.015016 0.047711
0 0.295367 0.195422 0.020767 0.042892
0 0.262141 0.213735 0.016933 0.046747
0 0.294409 0.236386 0.025879 0.034217
0 0.249840 0.287952 0.023003 0.039036
0 0.234824 0.326747 0.030671 0.036627
0 0.310064 0.276867 0.014377 0.021687
0 0.235623 0.415181 0.029712 0.047711
0 0.323163 0.356627 0.024601 0.031807
0 0.257348 0.508434 0.029712 0.086747
0 0.274441 0.504096 0.007668 0.019277
0 0.293610 0.495181 0.020447 0.026506
0 0.236901 0.555904 0.018850 0.032289
0 0.212300 0.615904 0.015016 0.037590
0 0.238179 0.625542 0.014377 0.029880
0 0.246645 0.633253 0.011502 0.023133
0 0.237700 0.688675 0.017252 0.025060
0 0.230351 0.742169 0.012780 0.019277
0 0.241693 0.814217 0.012460 0.020723
0 0.255751 0.863373 0.013738 0.023614
0 0.268211 0.869639 0.016294 0.040964
0 0.283866 0.863133 0.012460 0.026024
0 0.241374 0.928434 0.037380 0.071807
0 0.284026 0.984096 0.024281 0.029880
0 0.313259 0.932771 0.034185 0.104578
0 0.306709 0.859518 0.010863 0.029398
0 0.306390 0.813976 0.009585 0.023133
0 0.267572 0.835663 0.013099 0.025060
0 0.290415 0.755422 0.026837 0.055422
0 0.309105 0.695663 0.041214 0.075663
0 0.300319 0.649157 0.034505 0.049157
0 0.290256 0.625301 0.014377 0.016867
0 0.292332 0.616627 0.037700 0.069880
0 0.308786 0.565783 0.018850 0.029880
0 0.339297 0.429157 0.020447 0.040964
0 0.346645 0.286024 0.017252 0.051566
0 0.377796 0.293494 0.022045 0.049157
0 0.401757 0.259759 0.015655 0.054940
0 0.369489 0.346988 0.034824 0.110843
0 0.370128 0.405301 0.013738 0.031807
0 0.399361 0.463133 0.012780 0.037590
0 0.359425 0.599759 0.028115 0.038072
0 0.394409 0.555181 0.017572 0.038554
0 0.390735 0.614217 0.018530 0.019759
0 0.362620 0.679036 0.019808 0.043373
0 0.345847 0.730361 0.018211 0.032289
0 0.382748 0.695181 0.015974 0.019759
0 0.371885 0.735904 0.027476 0.059759
0 0.395048 0.740723 0.022684 0.050120
0 0.353674 0.803855 0.008946 0.026988
0 0.362939 0.811566 0.010863 0.016386
0 0.373163 0.812530 0.010224 0.020241
0 0.381949 0.817349 0.009265 0.020241
0 0.360064 0.992771 0.012780 0.014458
0 0.398083 0.988434 0.010224 0.012530
0 0.359265 0.939277 0.013099 0.021205
0 0.406550 0.950602 0.011821 0.029398
0 0.386102 0.925060 0.015016 0.025542
0 0.371725 0.898072 0.026518 0.054458
0 0.390895 0.853735 0.019489 0.046747
0 0.407188 0.886988 0.016933 0.026506
0 0.415335 0.815904 0.010863 0.017349
0 0.406869 0.814458 0.013099 0.021205
0 0.426997 0.835422 0.015016 0.070843
0 0.588179 0.982410 0.016613 0.026506
0 0.566134 0.979277 0.028115 0.041446
0 0.503355 0.942651 0.049521 0.077108
0 0.533067 0.914217 0.011821 0.014458
0 0.533866 0.880723 0.017252 0.018795
0 0.508307 0.884578 0.023642 0.032289
0 0.470447 0.876386 0.041214 0.065060
0 0.508786 0.848675 0.016294 0.018313
0 0.486262 0.815422 0.021086 0.016386
0 0.428914 0.785783 0.015655 0.027470
0 0.422045 0.746265 0.017891 0.027470
0 0.417093 0.707470 0.014377 0.023133
0 0.441054 0.748434 0.020128 0.048193
0 0.455272 0.750361 0.012780 0.046265
0 0.455911 0.719759 0.010863 0.014940
0 0.435144 0.655181 0.012780 0.015904
0 0.446486 0.610602 0.011821 0.012530
0 0.468371 0.587470 0.025559 0.046265
0 0.415495 0.500482 0.026518 0.051566
0 0.419489 0.602892 0.014696 0.058795
0 0.402875 0.669639 0.026837 0.065060
0 0.443930 0.495422 0.016933 0.053012
0 0.467891 0.422892 0.050799 0.112289
0 0.492812 0.439518 0.029073 0.083855
0 0.505751 0.446265 0.016613 0.032771
0 0.524601 0.380482 0.015974 0.031325
0 0.540575 0.398554 0.012780 0.020241
1 0.533706 0.448675 0.023323 0.024096
0 0.500639 0.504096 0.016613 0.029880
0 0.527796 0.499277 0.020447 0.037590
0 0.512780 0.518795 0.012780 0.022651
0 0.496645 0.546265 0.012460 0.018795
0 0.504792 0.562892 0.010863 0.017349
0 0.526198 0.652530 0.019169 0.024096
0 0.484824 0.749639 0.011182 0.019759
0 0.510064 0.780964 0.016933 0.019759
0 0.534505 0.835422 0.033227 0.054458
0 0.750639 0.971084 0.066773 0.057831
0 0.746965 0.942651 0.010224 0.015422
0 0.701597 0.941928 0.010224 0.017831
0 0.634505 0.908193 0.018530 0.022651
0 0.610703 0.914217 0.011821 0.019277
0 0.677157 0.876627 0.016294 0.015422
0 0.652875 0.841928 0.021406 0.032771
0 0.717252 0.807952 0.017891 0.020723
0 0.745208 0.808193 0.017572 0.023133
0 0.743610 0.833976 0.016294 0.027470
0 0.609105 0.847952 0.023962 0.030361
0 0.577955 0.837349 0.042173 0.064096
0 0.565016 0.812771 0.027157 0.033253
0 0.629233 0.808193 0.021406 0.031807
0 0.631470 0.853976 0.011182 0.016386
0 0.561502 0.781928 0.016294 0.020723
0 0.577955 0.774217 0.007668 0.017831
0 0.586901 0.780241 0.008307 0.015422
0 0.651278 0.779036 0.016294 0.023614
0 0.529233 0.745783 0.030351 0.063133
0 0.552077 0.714458 0.039617 0.063133
0 0.585144 0.738313 0.020128 0.029880
0 0.607348 0.743855 0.010863 0.015904
0 0.692492 0.740482 0.055272 0.088193
0 0.717891 0.703614 0.009585 0.019277
0 0.605431 0.710843 0.017252 0.019277
0 0.628435 0.710120 0.022364 0.050602
0 0.651278 0.706988 0.025240 0.043373
0 0.651118 0.673735 0.014696 0.022169
0 0.628115 0.677349 0.019169 0.020723
0 0.562460 0.647711 0.022684 0.037590
0 0.581949 0.644096 0.018850 0.022651
0 0.604633 0.643614 0.014377 0.023614
0 0.625080 0.641446 0.027157 0.051084
0 0.562460 0.613012 0.032268 0.039518
0 0.603514 0.609880 0.012141 0.016867
0 0.692812 0.638554 0.011821 0.021205
0 0.579872 0.580964 0.017891 0.030361
0 0.605112 0.579036 0.032588 0.043855
0 0.589936 0.471325 0.041214 0.043373
0 0.637540 0.422169 0.013738 0.022169
0 0.551438 0.344578 0.031949 0.053976
0 0.686102 0.372048 0.080831 0.124337
0 0.623003 0.504819 0.014058 0.020723
0 0.649681 0.466988 0.075719 0.054940
0 0.646965 0.602892 0.019169 0.022169
0 0.668530 0.609157 0.015016 0.021205
0 0.714377 0.597349 0.035783 0.028434
0 0.757668 0.568193 0.011821 0.019277
0 0.714058 0.531807 0.031949 0.037108
0 0.677476 0.544096 0.034824 0.050120
0 0.486741 0.481446 0.015655 0.026024
0 0.470288 0.508916 0.014058 0.021205
0 0.588978 0.538795 0.016294 0.031807
0 0.518051 0.535181 0.009904 0.032289
