0 0.233384 0.111749 0.121766 0.094531
0 0.132674 0.160702 0.136986 0.093518
0 0.267250 0.164669 0.104769 0.056212
0 0.017884 0.457799 0.035261 0.034774
0 0.925038 0.394244 0.057585 0.049460
0 0.602993 0.052667 0.181126 0.104659
0 0.580923 0.310348 0.116692 0.046084
0 0.783105 0.376772 0.047184 0.032748
0 0.710299 0.399814 0.040589 0.049460
0 0.910832 0.478562 0.048960 0.027009
0 0.926814 0.448768 0.057585 0.028190
0 0.967402 0.293467 0.043886 0.025827
0 0.851598 0.271016 0.055809 0.048447
0 0.794140 0.293552 0.089548 0.043889
0 0.843988 0.669902 0.054287 0.038319
0 0.785642 0.608035 0.096398 0.031398
0 0.651953 0.668805 0.116692 0.044902
0 0.863394 0.552920 0.113394 0.029203
0 0.884576 0.591745 0.060883 0.046084
0 0.968290 0.637829 0.062405 0.046084
0 0.667301 0.350354 0.042364 0.035955
0 0.368848 0.712103 0.091324 0.039332
0 0.077879 0.656989 0.044140 0.059757
0 0.088787 0.427414 0.065956 0.043889
0 0.081304 0.460584 0.077879 0.038319
0 0.298579 0.322248 0.079655 0.040513
0 0.341705 0.260888 0.084729 0.048447
0 0.391553 0.210753 0.099696 0.051823
0 0.460934 0.167454 0.089802 0.059757
0 0.582699 0.172519 0.055809 0.047265
0 0.839802 0.104997 0.069254 0.065159
0 0.819508 0.027346 0.048960 0.040513
0 0.691781 0.058913 0.060883 0.060770
0 0.636859 0.106094 0.072806 0.045071
1 0.451674 0.310939 0.128615 0.078663
1 0.359462 0.371117 0.147133 0.088960
