0 0.890035 0.237517 0.152336 0.141038
0 0.516402 0.849950 0.064612 0.078208
0 0.873385 0.880870 0.076292 0.054067
0 0.474155 0.854415 0.056163 0.084821
0 0.446819 0.872603 0.084493 0.074901
0 0.358101 0.927083 0.049702 0.095899
0 0.458996 0.952298 0.132207 0.095403
0 0.530442 0.152612 0.056412 0.043981
0 0.520502 0.180721 0.052932 0.040675
1 0.629100 0.230324 0.167247 0.053902
0 0.798832 0.557292 0.162276 0.090443
0 0.928926 0.497768 0.048211 0.035218
0 0.549578 0.134921 0.286531 0.205026
0 0.919732 0.281663 0.149105 0.326554
