0 0.142250 0.111375 0.059500 0.072750
0 0.376667 0.517375 0.076000 0.121750
1 0.531417 0.237000 0.052167 0.113000
0 0.715833 0.085875 0.047000 0.067250
0 0.927417 0.201625 0.061500 0.090250
0 0.704250 0.338000 0.044167 0.082500
1 0.878167 0.404875 0.054333 0.103250
0 0.708917 0.787500 0.063833 0.099000
0 0.605333 0.923375 0.066667 0.116250
0 0.122750 0.689125 0.063833 0.115250
0 0.133917 0.394500 0.064500 0.098000
0 0.081417 0.267875 0.057833 0.085750
0 0.029250 0.081500 0.044833 0.061000
0 0.205333 0.018625 0.039000 0.036750
0 0.415417 0.032750 0.047833 0.065000
