0 0.912525 0.512153 0.061133 0.057374
0 0.847913 0.593667 0.081014 0.088128
0 0.423832 0.686839 0.081262 0.071759
0 0.403082 0.770089 0.142644 0.101356
0 0.369906 0.912781 0.092694 0.098049
0 0.434642 0.646081 0.049702 0.054067
0 0.653206 0.635582 0.082753 0.052910
0 0.781561 0.299769 0.074553 0.058532
0 0.873509 0.057870 0.089463 0.079365
0 0.979001 0.054067 0.041998 0.032077
0 0.722788 0.047867 0.106113 0.094742
0 0.674826 0.155423 0.096173 0.082672
0 0.673956 0.272156 0.074553 0.042989
0 0.726143 0.271660 0.063121 0.039683
0 0.614314 0.300843 0.104374 0.058366
0 0.595303 0.220403 0.042992 0.047288
0 0.792371 0.203290 0.072813 0.055060
0 0.831387 0.117312 0.107604 0.048446
0 0.871148 0.249587 0.047962 0.048446
0 0.834617 0.295304 0.041501 0.049603
0 0.328529 0.282821 0.102883 0.139054
0 0.284667 0.356068 0.081262 0.062996
0 0.341700 0.431630 0.119284 0.141038
0 0.461854 0.722057 0.067843 0.062831
