0 0.893293 0.637449 0.049543 0.049797
0 0.902439 0.746316 0.057927 0.053100
0 0.979802 0.944233 0.040396 0.075457
1 0.176639 0.267912 0.177210 0.256352
0 0.190930 0.082952 0.179116 0.153709
0 0.185023 0.059197 0.064405 0.037602
0 0.424352 0.042175 0.155869 0.082825
0 0.326029 0.340828 0.137576 0.212144
0 0.221418 0.690549 0.150915 0.113821
0 0.577744 0.782139 0.097561 0.180132
0 0.618331 0.879192 0.122332 0.241616
0 0.745998 0.772231 0.062881 0.056148
0 0.774200 0.835874 0.062881 0.050813
0 0.669779 0.950203 0.062881 0.076220
0 0.689596 0.658918 0.072790 0.086128
0 0.423018 0.834477 0.239329 0.331047
0 0.514672 0.946011 0.100991 0.107978
0 0.129573 0.708841 0.258384 0.406504
