0 0.928819 0.141312 0.071581 0.052128
0 0.937201 0.348227 0.101650 0.064184
0 0.930548 0.462855 0.088345 0.076418
0 0.968201 0.515780 0.063598 0.049291
0 0.908861 0.553191 0.111495 0.059929
0 0.969665 0.670745 0.050027 0.044326
0 0.740953 0.223493 0.111495 0.065426
0 0.861495 0.236791 0.113092 0.065426
0 0.622938 0.174113 0.064928 0.042199
0 0.676024 0.107004 0.048164 0.034220
0 0.564662 0.295035 0.084619 0.073050
0 0.629457 0.279521 0.044971 0.037766
0 0.734300 0.341046 0.068387 0.047695
0 0.840740 0.401950 0.055082 0.063121
0 0.761708 0.485106 0.096594 0.069858
0 0.698510 0.529344 0.093135 0.065426
0 0.606173 0.358156 0.091538 0.070922
0 0.716871 0.382624 0.066525 0.035461
1 0.457424 0.282801 0.096328 0.068794
0 0.348457 0.239007 0.038052 0.036525
0 0.247073 0.219681 0.074774 0.046454
1 0.264369 0.281738 0.033262 0.035461
0 0.190394 0.272252 0.044971 0.040957
0 0.233768 0.301684 0.044971 0.042021
0 0.117350 0.229610 0.081426 0.053191
0 0.202900 0.381383 0.149814 0.141844
0 0.306812 0.365957 0.028206 0.033333
0 0.287786 0.416401 0.076370 0.023227
0 0.249468 0.483954 0.096594 0.018972
0 0.373337 0.496720 0.091538 0.028901
0 0.374268 0.457979 0.043374 0.035461
0 0.538052 0.471809 0.261309 0.125177
0 0.159659 0.493972 0.036722 0.034397
0 0.162986 0.465691 0.043374 0.039894
0 0.081426 0.575887 0.066525 0.054255
0 0.040846 0.767642 0.074774 0.060816
0 0.642895 0.642996 0.108036 0.042021
0 0.840740 0.671277 0.131187 0.060993
0 0.942123 0.723316 0.061469 0.040957
0 0.925758 0.753989 0.148483 0.064716
0 0.773417 0.816401 0.049761 0.060816
0 0.930548 0.929965 0.075040 0.068794
0 0.542975 0.832979 0.084886 0.060993
0 0.472326 0.678989 0.116551 0.083156
0 0.607903 0.697784 0.034859 0.032092
0 0.419106 0.584752 0.039915 0.027660
0 0.431613 0.546543 0.071315 0.031028
0 0.346860 0.560993 0.098191 0.035461
0 0.222858 0.658511 0.049761 0.019858
0 0.075705 0.629167 0.051357 0.065426
0 0.121474 0.689539 0.049761 0.064184
0 0.121474 0.773670 0.063065 0.057624
0 0.104045 0.810904 0.041511 0.021099
0 0.093135 0.894504 0.026610 0.024468
0 0.148084 0.907801 0.056679 0.062057
0 0.282863 0.964362 0.039915 0.046454
0 0.443321 0.956028 0.025013 0.018794
0 0.627062 0.881738 0.033262 0.027660
0 0.671900 0.893440 0.026610 0.028723
0 0.558941 0.892287 0.059872 0.033156
0 0.593667 0.918351 0.039915 0.018972
0 0.323576 0.782092 0.121341 0.052128
0 0.321048 0.749291 0.046567 0.044326
0 0.461549 0.743262 0.044971 0.041135
0 0.583688 0.743883 0.033262 0.031028
0 0.705162 0.750975 0.056413 0.023227
0 0.692656 0.677305 0.051623 0.024468
0 0.773417 0.725532 0.096594 0.050000
0 0.797499 0.701684 0.058010 0.039894
0 0.458222 0.616401 0.038318 0.022163
0 0.191192 0.519947 0.033262 0.024291
0 0.261176 0.679610 0.126397 0.070922
0 0.398350 0.853457 0.058010 0.048759
0 0.403273 0.821986 0.178020 0.045390
0 0.414981 0.799202 0.061469 0.037766
0 0.315993 0.867376 0.109899 0.071986
0 0.233768 0.804787 0.061469 0.044326
0 0.235365 0.781472 0.055082 0.039894
0 0.286988 0.821365 0.034859 0.028901
0 0.220463 0.901684 0.034859 0.023227
0 0.196248 0.837500 0.043374 0.032092
