0 0.944831 0.891865 0.063121 0.040675
0 0.928305 0.927745 0.046471 0.039683
1 0.769259 0.257440 0.162276 0.176587
0 0.890408 0.222884 0.219185 0.444775
0 0.814737 0.256862 0.117545 0.318618
0 0.809021 0.449818 0.033052 0.040840
0 0.723658 0.454282 0.048211 0.071594
0 0.770875 0.450976 0.208748 0.173115
0 0.562127 0.122851 0.119284 0.063823
0 0.469309 0.029679 0.052932 0.051753
0 0.451914 0.045718 0.051441 0.050761
0 0.520129 0.062087 0.199801 0.123843
0 0.413022 0.015212 0.039761 0.030093
0 0.273857 0.681878 0.066103 0.085979
0 0.031188 0.886905 0.028082 0.024140
0 0.235711 0.758515 0.052932 0.060681
0 0.223285 0.806961 0.051441 0.071594
0 0.427187 0.841683 0.074553 0.083829
0 0.461854 0.864831 0.091203 0.055060
0 0.491675 0.919974 0.140905 0.043981
0 0.650721 0.857722 0.047962 0.051753
0 0.795726 0.879795 0.099404 0.036376
0 0.796595 0.794312 0.061382 0.041997
0 0.795726 0.756283 0.069583 0.045304
0 0.655691 0.791584 0.061382 0.051753
0 0.453529 0.615162 0.054672 0.080522
0 0.405567 0.620122 0.051193 0.081515
0 0.371521 0.632275 0.059642 0.077050
0 0.365805 0.734292 0.197316 0.162037
0 0.337599 0.804812 0.111083 0.034226
0 0.338469 0.723793 0.053181 0.028604
