0 0.949571 0.026106 0.062845 0.028146
0 0.614347 0.070365 0.125077 0.070569
0 0.269926 0.096472 0.079399 0.049765
0 0.219651 0.200795 0.079399 0.047114
0 0.027590 0.266266 0.054568 0.066694
0 0.370632 0.260657 0.052728 0.035081
0 0.385040 0.291556 0.061312 0.036100
0 0.267167 0.315929 0.099019 0.050173
0 0.716891 0.201917 0.087983 0.072201
0 0.780656 0.242097 0.099019 0.053437
0 0.767934 0.304405 0.091355 0.078523
0 0.705855 0.294921 0.062845 0.074240
0 0.433476 0.399551 0.039853 0.024067
0 0.775751 0.384153 0.040773 0.024679
0 0.933783 0.410769 0.039240 0.033041
0 0.235438 0.432796 0.096873 0.068529
0 0.254292 0.496329 0.082465 0.058536
0 0.365113 0.556904 0.057633 0.027126
1 0.830932 0.553539 0.116186 0.073832
0 0.220110 0.619723 0.102391 0.061799
0 0.213366 0.743422 0.098099 0.057108
0 0.732066 0.670202 0.091968 0.067306
0 0.603311 0.816031 0.095034 0.072609
0 0.891478 0.792066 0.097486 0.069549
0 0.543072 0.919131 0.065910 0.042219
0 0.374923 0.910769 0.033109 0.021415
0 0.770693 0.896390 0.063765 0.036712
0 0.739270 0.862941 0.045064 0.028146
0 0.824188 0.936875 0.073268 0.032021
0 0.879982 0.976647 0.068363 0.028758
0 0.726242 0.784520 0.039240 0.025087
0 0.780963 0.745972 0.038320 0.024679
0 0.979920 0.378340 0.021153 0.025699
