0 0.058201 0.659046 0.022817 0.053181
0 0.154514 0.696198 0.074901 0.126491
0 0.251157 0.912401 0.063492 0.151342
0 0.326802 0.905194 0.071594 0.130964
0 0.116981 0.579399 0.028274 0.040010
0 0.079117 0.787401 0.032573 0.036531
0 0.017030 0.771869 0.019180 0.052684
0 0.042989 0.743042 0.013889 0.033300
0 0.031498 0.871894 0.020007 0.051938
0 0.070850 0.938246 0.016038 0.027087
0 0.844411 0.809021 0.018188 0.042495
0 0.851852 0.901342 0.038360 0.057157
0 0.935516 0.870030 0.033069 0.060636
0 0.699239 0.261059 0.104828 0.166750
0 0.647652 0.282058 0.028770 0.055666
0 0.886739 0.457505 0.025463 0.057157
0 0.617477 0.899230 0.025628 0.045477
0 0.573165 0.842694 0.035880 0.127237
0 0.268519 0.614190 0.022817 0.053429
0 0.186095 0.790880 0.073909 0.090209
0 0.656663 0.038519 0.081845 0.059145
0 0.907159 0.722540 0.029266 0.043489
0 0.625992 0.765532 0.048611 0.098658
0 0.653274 0.743539 0.034061 0.102386
0 0.667824 0.725895 0.030093 0.106362
0 0.561508 0.965209 0.044974 0.069583
0 0.819031 0.200919 0.096726 0.196571
