0 0.173611 0.026736 0.104630 0.052083
0 0.395370 0.085417 0.114815 0.086111
0 0.743056 0.057639 0.139815 0.101389
0 0.606019 0.184028 0.408333 0.300000
0 0.343056 0.198264 0.097222 0.078472
0 0.376389 0.277778 0.093519 0.070833
0 0.465741 0.390278 0.111111 0.051389
0 0.586574 0.385764 0.119444 0.072917
0 0.682870 0.389931 0.080556 0.056250
0 0.718056 0.465278 0.086111 0.043056
0 0.620370 0.471181 0.083333 0.068750
0 0.356481 0.440278 0.105556 0.065278
0 0.256019 0.496875 0.113889 0.049306
0 0.376389 0.510764 0.056481 0.045139
0 0.639352 0.543403 0.106481 0.059028
0 0.649537 0.602778 0.093519 0.040278
0 0.856944 0.472917 0.087963 0.061111
0 0.835648 0.566667 0.056481 0.037500
0 0.547685 0.510764 0.073148 0.042361
0 0.856481 0.366667 0.068519 0.048611
0 0.916204 0.633681 0.084259 0.071528
0 0.581944 0.665625 0.110185 0.043750
0 0.699537 0.689931 0.076852 0.038194
0 0.625463 0.724653 0.087963 0.045139
0 0.467130 0.677778 0.062037 0.034722
0 0.343056 0.699653 0.052778 0.039583
0 0.287500 0.653125 0.039815 0.042361
0 0.179167 0.605556 0.082407 0.062500
0 0.178704 0.373264 0.112963 0.053472
0 0.042130 0.497917 0.067593 0.066667
0 0.037963 0.400000 0.074074 0.050000
0 0.093056 0.575000 0.080556 0.033333
0 0.075926 0.655903 0.062963 0.031250
0 0.104167 0.721528 0.084259 0.051389
0 0.106019 0.784375 0.078704 0.043750
0 0.259722 0.737153 0.080556 0.032639
0 0.305093 0.800000 0.082407 0.025000
0 0.276389 0.860417 0.050926 0.036111
0 0.206944 0.922917 0.076852 0.033333
0 0.109259 0.911806 0.062963 0.033333
0 0.053704 0.857639 0.072222 0.037500
0 0.013889 0.916667 0.025926 0.050000
0 0.023611 0.730903 0.045370 0.046528
0 0.456944 0.870139 0.052778 0.040278
0 0.397222 0.922917 0.040741 0.027778
0 0.303704 0.955903 0.062963 0.027083
0 0.034259 0.982292 0.066667 0.031250
0 0.123148 0.980903 0.068519 0.034028
0 0.431019 0.994792 0.056481 0.010417
0 0.529630 0.957639 0.050000 0.026389
0 0.563426 0.887153 0.049074 0.035417
0 0.597222 0.812153 0.072222 0.032639
0 0.416667 0.782292 0.068519 0.034028
0 0.522685 0.767014 0.106481 0.043750
0 0.499537 0.580556 0.134259 0.050000
0 0.342130 0.580556 0.113889 0.051389
0 0.843519 0.752431 0.062963 0.040972
0 0.852778 0.924653 0.053704 0.032639
0 0.014352 0.588542 0.026852 0.070139
0 0.307407 0.359375 0.100000 0.065972
0 0.196296 0.202083 0.079630 0.095833
0 0.250000 0.131597 0.111111 0.093750
0 0.095370 0.259028 0.109259 0.075000
0 0.046759 0.283333 0.091667 0.075000
0 0.091204 0.132986 0.126852 0.075694
0 0.494444 0.442361 0.085185 0.038889
0 0.144907 0.521181 0.110185 0.064583
0 0.218981 0.985764 0.052778 0.028472
0 0.983796 0.875000 0.032407 0.031944
0 0.937963 0.799653 0.090741 0.042361
0 0.970370 0.705208 0.059259 0.042361
0 0.956944 0.571528 0.086111 0.090278
0 0.937037 0.420486 0.112963 0.052083
0 0.950463 0.343750 0.089815 0.058333
0 0.975463 0.393403 0.049074 0.056250
0 0.829167 0.229167 0.028704 0.072222
