0 0.092498 0.228905 0.092017 0.071044
0 0.207599 0.236984 0.039436 0.043088
1 0.446618 0.207874 0.090414 0.075660
0 0.531100 0.217363 0.056749 0.040267
0 0.606284 0.219543 0.073100 0.055912
0 0.733408 0.155681 0.092658 0.077456
0 0.801539 0.220954 0.109009 0.070531
0 0.935396 0.219159 0.056108 0.092588
0 0.699904 0.237497 0.035909 0.029238
0 0.637223 0.278276 0.073421 0.033855
0 0.493908 0.288920 0.077268 0.031547
0 0.387785 0.276096 0.050978 0.032572
0 0.384097 0.308156 0.032062 0.032572
0 0.801218 0.327905 0.064764 0.046422
0 0.837608 0.494614 0.063161 0.046422
0 0.399647 0.430239 0.024046 0.031034
0 0.528374 0.433188 0.048092 0.038984
0 0.945014 0.410618 0.023405 0.022057
0 0.841937 0.541036 0.032703 0.023852
0 0.838410 0.638625 0.031420 0.021031
0 0.045848 0.576430 0.046810 0.065914
0 0.050978 0.688125 0.053863 0.059502
0 0.109009 0.744678 0.048734 0.052578
0 0.076467 0.912285 0.033665 0.024109
0 0.371914 0.868300 0.038474 0.023339
0 0.399006 0.847269 0.025329 0.026930
0 0.457999 0.844960 0.040077 0.026930
0 0.622315 0.839446 0.048092 0.033342
0 0.674735 0.837009 0.033665 0.023852
0 0.928663 0.873814 0.038794 0.024109
0 0.946137 0.774045 0.012183 0.037958
0 0.730523 0.786740 0.034306 0.023339
0 0.731645 0.737497 0.033344 0.023852
0 0.848830 0.761862 0.183713 0.131059
0 0.701026 0.276866 0.055466 0.028469
0 0.202629 0.213645 0.404617 0.402667
0 0.541680 0.058989 0.220263 0.117466
0 0.678583 0.025904 0.063803 0.051295
