0 0.078279 0.045842 0.097783 0.082213
0 0.214133 0.085338 0.090569 0.078992
0 0.285333 0.076435 0.055036 0.035802
0 0.414641 0.036181 0.129308 0.071983
0 0.530991 0.070563 0.115683 0.076719
0 0.661902 0.029835 0.101790 0.059292
0 0.769169 0.063743 0.164574 0.099072
0 0.887256 0.049536 0.068394 0.049441
0 0.241517 0.174275 0.106866 0.075772
0 0.378841 0.167930 0.078547 0.044137
0 0.353593 0.206289 0.060647 0.032582
0 0.070799 0.217939 0.038472 0.034666
0 0.148811 0.287365 0.286401 0.156848
0 0.027785 0.377344 0.041678 0.033719
0 0.017766 0.414662 0.034999 0.019701
0 0.035266 0.451032 0.041678 0.021216
0 0.300828 0.372040 0.074272 0.056829
0 0.331686 0.417409 0.041945 0.029740
0 0.381779 0.340027 0.105263 0.072741
0 0.479829 0.255825 0.060914 0.045274
0 0.579882 0.205247 0.088966 0.072552
0 0.798157 0.157984 0.050494 0.047357
0 0.831552 0.197954 0.063853 0.039023
0 0.718675 0.254215 0.072669 0.037886
0 0.753674 0.295795 0.068394 0.041106
0 0.864948 0.333112 0.077211 0.035802
0 0.956185 0.335575 0.087630 0.042622
0 0.545819 0.331597 0.083356 0.072552
0 0.508683 0.413146 0.106866 0.052661
0 0.582153 0.378481 0.102592 0.042053
0 0.715736 0.340027 0.135186 0.089411
0 0.727758 0.415798 0.173657 0.100019
0 0.817392 0.381038 0.035533 0.024058
0 0.919850 0.398939 0.038472 0.021974
0 0.950975 0.422997 0.098050 0.045084
0 0.973283 0.467134 0.053433 0.070089
0 0.876703 0.460030 0.103927 0.034666
0 0.896206 0.518469 0.077211 0.037886
0 0.050361 0.524910 0.100187 0.078424
0 0.076009 0.569994 0.025381 0.018943
0 0.038205 0.593578 0.041678 0.034666
0 0.030056 0.618394 0.022175 0.029362
0 0.021507 0.638094 0.025915 0.024058
0 0.026449 0.675507 0.052364 0.019701
0 0.115549 0.754310 0.056372 0.021595
0 0.147475 0.771263 0.045952 0.021784
0 0.104061 0.685262 0.079348 0.055503
0 0.189955 0.737450 0.039006 0.021595
0 0.229094 0.744838 0.037136 0.023110
0 0.160299 0.598409 0.031526 0.017049
0 0.279989 0.607786 0.043815 0.023679
0 0.455250 0.775999 0.071600 0.051335
0 0.544349 0.764823 0.036067 0.021027
0 0.535399 0.813790 0.035266 0.018943
0 0.578680 0.819284 0.030457 0.016291
0 0.909832 0.896098 0.057441 0.057397
0 0.778119 0.795984 0.068662 0.025005
0 0.820999 0.781398 0.043815 0.018943
0 0.915041 0.813601 0.064120 0.043948
0 0.972081 0.815969 0.055838 0.043379
0 0.973016 0.738303 0.053967 0.050578
0 0.743388 0.713014 0.073470 0.075772
0 0.870158 0.678538 0.067860 0.031066
0 0.870692 0.633548 0.122362 0.071036
0 0.962998 0.599356 0.074005 0.043190
0 0.577745 0.615931 0.078279 0.042622
0 0.498664 0.585812 0.064921 0.039212
1 0.475688 0.614984 0.095378 0.051335
0 0.365482 0.586191 0.056105 0.033150
0 0.372161 0.557113 0.054502 0.027657
1 0.234838 0.507104 0.111675 0.057587
0 0.424659 0.530119 0.123163 0.058913
0 0.539140 0.537507 0.052364 0.034666
0 0.546220 0.544990 0.208122 0.100777
0 0.697970 0.534476 0.118354 0.063459
0 0.721480 0.507009 0.046754 0.030498
0 0.820999 0.682989 0.030457 0.026331
