0 0.028914 0.239277 0.057188 0.214458
0 0.014856 0.555663 0.029073 0.079036
0 0.089457 0.776627 0.118211 0.093976
0 0.306230 0.607952 0.023323 0.103614
0 0.371406 0.584337 0.059105 0.068916
0 0.427636 0.731807 0.056550 0.079518
0 0.391214 0.816867 0.078275 0.102169
0 0.427636 0.674699 0.317252 0.533976
0 0.288658 0.052530 0.064856 0.091566
0 0.274281 0.227711 0.032907 0.070843
0 0.670447 0.245301 0.094888 0.250602
0 0.771565 0.634940 0.178914 0.239518
0 0.965176 0.586506 0.069649 0.090602
0 0.893770 0.060723 0.186901 0.120482
