0 0.181660 0.362103 0.139165 0.179894
0 0.282803 0.778853 0.076044 0.113591
0 0.544607 0.123925 0.082753 0.060681
0 0.412028 0.128307 0.099404 0.069444
0 0.382952 0.077629 0.074553 0.051753
0 0.567719 0.044643 0.086233 0.036376
0 0.558648 0.255704 0.058151 0.055060
0 0.382207 0.296462 0.053181 0.041997
0 0.268762 0.874256 0.061382 0.068287
0 0.372018 0.021577 0.069085 0.042824
0 0.118787 0.793733 0.132704 0.101356
0 0.186754 0.864831 0.116054 0.078208
0 0.970427 0.382606 0.039761 0.063823
0 0.970427 0.301422 0.039761 0.062831
0 0.981859 0.172454 0.036282 0.038690
0 0.546968 0.302001 0.044732 0.035218
0 0.332505 0.166997 0.046223 0.042989
0 0.214090 0.119048 0.047962 0.033069
0 0.245527 0.029762 0.041252 0.033069
0 0.300199 0.023065 0.038270 0.030919
0 0.463469 0.209904 0.049702 0.034226
