0 0.411034 0.133598 0.081511 0.048942
0 0.410537 0.176918 0.060636 0.042989
0 0.016277 0.399884 0.032058 0.085483
0 0.006834 0.471147 0.013171 0.042824
0 0.023733 0.598793 0.046968 0.123512
0 0.083996 0.975860 0.157058 0.044312
0 0.408549 0.980820 0.090457 0.034392
0 0.789264 0.884590 0.034791 0.042989
0 0.550199 0.672619 0.079523 0.075397
0 0.338469 0.379630 0.053678 0.031746
1 0.357853 0.438492 0.126243 0.112434
0 0.910537 0.517526 0.060636 0.032407
0 0.926938 0.617394 0.059642 0.036376
0 0.988320 0.437913 0.023360 0.023644
