0 0.796471 0.878638 0.049702 0.037368
0 0.963718 0.891286 0.049702 0.027612
0 0.793862 0.812996 0.067843 0.036376
0 0.795477 0.787698 0.054672 0.040675
0 0.925572 0.812500 0.042992 0.033069
0 0.923211 0.771164 0.044732 0.038690
0 0.839463 0.442130 0.033300 0.043981
0 0.745030 0.455357 0.073062 0.079365
0 0.745030 0.218750 0.125746 0.148810
0 0.546223 0.122851 0.112823 0.049603
0 0.431039 0.063905 0.041501 0.050761
0 0.438618 0.035797 0.059642 0.058366
0 0.023857 0.728009 0.047217 0.072090
0 0.191725 0.876405 0.033052 0.030919
0 0.163519 0.943700 0.046223 0.035218
