0 0.418826 0.040269 0.107470 0.080030
0 0.176829 0.081809 0.141006 0.157520
1 0.164825 0.270198 0.158918 0.231961
0 0.314977 0.322154 0.116235 0.164126
0 0.122332 0.709985 0.243902 0.385417
0 0.217416 0.691565 0.126905 0.098577
0 0.409680 0.838669 0.229421 0.322663
0 0.510290 0.942962 0.093750 0.114075
0 0.542873 0.937754 0.028582 0.025407
0 0.582508 0.788999 0.117759 0.159807
0 0.626143 0.882622 0.112805 0.234756
0 0.661014 0.942454 0.046113 0.039380
0 0.849276 0.928735 0.060595 0.034807
0 0.979421 0.926956 0.041159 0.039888
0 0.986662 0.964939 0.026677 0.039634
0 0.769055 0.831301 0.052591 0.045732
0 0.745998 0.783155 0.063643 0.053100
0 0.691311 0.656631 0.055640 0.034807
0 0.903392 0.737043 0.047637 0.026423
0 0.894436 0.623730 0.036585 0.024390
0 0.902439 0.640752 0.023628 0.020325
0 0.894436 0.755589 0.039634 0.023374
