0 0.944500 0.426125 0.066667 0.108750
0 0.937917 0.936875 0.078167 0.104250
0 0.826667 0.557000 0.074667 0.112000
0 0.766917 0.465125 0.057833 0.091250
0 0.832500 0.213625 0.077667 0.096750
0 0.647667 0.223875 0.050000 0.084750
0 0.621583 0.366875 0.035500 0.066250
0 0.582833 0.694000 0.066667 0.094500
0 0.813333 0.969000 0.055000 0.062000
0 0.628917 0.031000 0.052833 0.055500
0 0.471250 0.370625 0.060833 0.058750
0 0.520833 0.513625 0.050000 0.066250
0 0.406417 0.651125 0.035500 0.058750
0 0.350667 0.590750 0.029667 0.077000
0 0.357917 0.344500 0.039833 0.061000
0 0.347333 0.078250 0.040667 0.067500
0 0.439750 0.119000 0.034167 0.057500
0 0.266917 0.057125 0.044833 0.083750
0 0.218333 0.113000 0.045000 0.067500
0 0.288333 0.284750 0.032667 0.076000
0 0.314417 0.385375 0.038500 0.059750
0 0.251750 0.484750 0.030500 0.037000
0 0.316167 0.837375 0.036333 0.059750
0 0.314750 0.956375 0.037833 0.071750
0 0.261833 0.954875 0.021667 0.033750
0 0.300583 0.783750 0.023833 0.050000
0 0.320583 0.736375 0.027500 0.051250
0 0.292667 0.733125 0.019667 0.046750
0 0.072750 0.770125 0.026167 0.046750
0 0.027417 0.832500 0.036833 0.050000
0 0.023083 0.896125 0.036833 0.057750
0 0.081750 0.392875 0.042833 0.053250
1 0.232833 0.307500 0.046333 0.063000
0 0.358583 0.702625 0.028167 0.079250
