0 0.897760 0.543454 0.059841 0.035674
0 0.977311 0.263852 0.045377 0.059013
0 0.743477 0.458065 0.078559 0.039089
0 0.680800 0.543454 0.039989 0.037951
0 0.787720 0.667362 0.073454 0.053510
0 0.977737 0.652941 0.043392 0.053510
0 0.979722 0.720968 0.040556 0.051423
0 0.970505 0.810721 0.058990 0.063188
0 0.975610 0.885958 0.048780 0.059962
0 0.778219 0.887287 0.341463 0.225427
0 0.830119 0.732732 0.108338 0.050285
0 0.881877 0.764042 0.095009 0.045731
0 0.910238 0.663472 0.061543 0.032448
0 0.856069 0.672391 0.050199 0.043454
0 0.871951 0.622201 0.038287 0.041366
0 0.702496 0.669639 0.053318 0.017837
0 0.569200 0.675237 0.060125 0.049146
0 0.563244 0.737192 0.061826 0.045920
0 0.419739 0.830455 0.118548 0.049146
0 0.294668 0.928083 0.125355 0.054649
0 0.139535 0.970398 0.131594 0.059203
0 0.303885 0.797438 0.116563 0.065844
0 0.032757 0.868027 0.064946 0.051803
0 0.072745 0.750000 0.101815 0.049146
0 0.335649 0.719355 0.070051 0.056926
0 0.279637 0.740607 0.031764 0.036812
0 0.211288 0.836528 0.058423 0.025617
0 0.232842 0.518406 0.058423 0.032258
0 0.718520 0.337571 0.038287 0.043643
0 0.741775 0.213093 0.048497 0.080455
0 0.778503 0.051898 0.051617 0.045731
0 0.808423 0.185863 0.302042 0.371347
0 0.680091 0.109298 0.118548 0.071347
0 0.596568 0.169545 0.064946 0.062429
0 0.640953 0.272865 0.053318 0.059203
0 0.589195 0.298482 0.036585 0.052372
0 0.536585 0.330266 0.044810 0.044592
0 0.538287 0.382163 0.074872 0.059203
0 0.572320 0.496679 0.127056 0.165275
0 0.543250 0.077419 0.131877 0.056926
0 0.546937 0.017932 0.091038 0.035484
0 0.065372 0.071917 0.073454 0.056926
0 0.083664 0.376660 0.120250 0.072486
0 0.124504 0.443643 0.118548 0.070209
0 0.122944 0.631120 0.095009 0.072486
0 0.270562 0.673529 0.090187 0.045731
0 0.132019 0.695351 0.076858 0.053700
0 0.261344 0.612713 0.121668 0.069070
0 0.274674 0.563093 0.078559 0.083681
0 0.230431 0.455977 0.053602 0.056926
0 0.143789 0.263283 0.136699 0.084820
0 0.142796 0.148387 0.158537 0.053510
0 0.130459 0.106546 0.056721 0.045731
0 0.031906 0.303510 0.059841 0.069260
0 0.258792 0.323624 0.080261 0.051423
0 0.291265 0.293454 0.055020 0.064706
