0 0.714090 0.282573 0.272117 0.564815
0 0.844433 0.589286 0.061133 0.063823
0 0.908921 0.100612 0.114563 0.200893
0 0.688618 0.518767 0.134195 0.233631
0 0.762425 0.700645 0.083002 0.160880
0 0.262053 0.260665 0.062873 0.024306
1 0.572689 0.239170 0.081262 0.098049
0 0.364066 0.228671 0.044732 0.030754
0 0.535537 0.671958 0.059642 0.046296
0 0.531312 0.441634 0.061133 0.039683
0 0.556163 0.490658 0.041252 0.034226
0 0.577659 0.503803 0.051441 0.023148
0 0.491551 0.527530 0.041252 0.017692
0 0.281188 0.477348 0.061382 0.023148
0 0.238072 0.524223 0.054672 0.037533
0 0.222291 0.384838 0.062873 0.031911
0 0.407803 0.271660 0.059642 0.030754
0 0.152709 0.258433 0.056412 0.043981
0 0.116302 0.309689 0.039761 0.029762
0 0.196695 0.321842 0.047962 0.020999
0 0.145253 0.378142 0.051441 0.023148
0 0.103007 0.455357 0.046471 0.027447
0 0.154448 0.442708 0.042992 0.024306
0 0.176814 0.454282 0.031561 0.027612
0 0.185015 0.447669 0.081262 0.084821
0 0.050944 0.389798 0.034791 0.024306
0 0.059145 0.410714 0.048211 0.024140
