0 0.899200 0.633130 0.041540 0.045224
0 0.953125 0.629700 0.066311 0.023120
0 0.897485 0.745681 0.057927 0.071646
0 0.976562 0.941184 0.046875 0.065295
0 0.692073 0.655742 0.070884 0.039634
0 0.745998 0.780488 0.072790 0.055386
0 0.771532 0.827998 0.064405 0.050813
0 0.843750 0.932419 0.083079 0.056402
0 0.621380 0.883638 0.118521 0.232724
0 0.589367 0.791032 0.134527 0.173526
0 0.399771 0.838288 0.235518 0.323425
0 0.517340 0.940549 0.126143 0.118902
0 0.220655 0.696519 0.142530 0.117124
0 0.123857 0.706047 0.246951 0.402947
1 0.171875 0.276169 0.163872 0.248476
0 0.176829 0.086255 0.144055 0.160315
0 0.423971 0.045224 0.120046 0.089939
