0 0.753479 0.216022 0.134195 0.137731
0 0.443588 0.034722 0.074553 0.039683
0 0.436257 0.064484 0.076292 0.033069
0 0.562127 0.121197 0.132704 0.049603
0 0.507455 0.073743 0.258449 0.128968
0 0.795726 0.237021 0.202286 0.329861
0 0.866178 0.230985 0.256710 0.454365
0 0.558772 0.652116 0.056412 0.081680
0 0.073434 0.853836 0.096173 0.075066
0 0.947565 0.892857 0.104871 0.044974
0 0.795726 0.879795 0.069583 0.042989
0 0.640780 0.946429 0.130964 0.033069
0 0.604374 0.901786 0.084493 0.073743
0 0.790010 0.816882 0.084493 0.045139
0 0.922465 0.814153 0.031312 0.043981
0 0.793241 0.784970 0.061133 0.045139
0 0.555542 0.872603 0.072813 0.081515
0 0.490060 0.779431 0.210239 0.159722
0 0.511556 0.658730 0.038022 0.083664
0 0.477634 0.671462 0.076044 0.076058
0 0.394011 0.719329 0.077783 0.103671
0 0.166998 0.942047 0.041252 0.024306
0 0.846297 0.445437 0.047962 0.042989
0 0.738569 0.457589 0.074553 0.073909
0 0.808151 0.467510 0.203777 0.124504
