0 0.678926 0.172454 0.243539 0.330688
0 0.913270 0.904349 0.171968 0.191303
0 0.697068 0.960565 0.117296 0.078869
0 0.766774 0.656498 0.170726 0.149967
0 0.289637 0.783813 0.057903 0.038525
0 0.390656 0.717758 0.068091 0.082672
0 0.314364 0.678075 0.044732 0.049603
0 0.181909 0.713872 0.064612 0.030919
0 0.030194 0.628142 0.059891 0.074405
0 0.020253 0.754878 0.040010 0.065642
0 0.111456 0.753555 0.046471 0.037533
0 0.113196 0.787698 0.062873 0.033069
0 0.118166 0.822421 0.046471 0.034061
0 0.387425 0.812004 0.044732 0.019841
0 0.446074 0.811921 0.029821 0.030919
0 0.524851 0.840608 0.041252 0.035384
0 0.514911 0.885830 0.034791 0.030919
0 0.471794 0.911128 0.028082 0.030919
0 0.549702 0.927662 0.028330 0.017692
0 0.534791 0.958581 0.034791 0.024306
0 0.573683 0.960731 0.026590 0.017692
0 0.464836 0.988674 0.030567 0.022652
0 0.350770 0.982060 0.084245 0.035880
0 0.236581 0.902364 0.084493 0.037533
0 0.102386 0.900628 0.064612 0.042989
0 0.070825 0.938161 0.064612 0.047288
0 0.271372 0.882523 0.309642 0.114583
0 0.258946 0.782159 0.185388 0.134425
0 0.149727 0.968833 0.066352 0.062335
0 0.204399 0.968254 0.066352 0.063492
