0 0.580098 0.217496 0.097050 0.100224
0 0.656056 0.076459 0.077640 0.061305
0 0.853908 0.220854 0.292184 0.250904
0 0.152950 0.044257 0.093685 0.044085
0 0.404503 0.761581 0.089027 0.064577
0 0.674689 0.759945 0.231366 0.110901
0 0.509576 0.820734 0.101967 0.165662
1 0.310688 0.856811 0.095497 0.063544
0 0.411749 0.123299 0.100414 0.066816
0 0.381082 0.059325 0.109990 0.048390
1 0.418219 0.213191 0.152174 0.089203
0 0.292831 0.202428 0.059783 0.089375
0 0.431159 0.211038 0.375259 0.276735
0 0.751423 0.342862 0.462474 0.421905
0 0.940476 0.443258 0.119048 0.101602
0 0.685171 0.471500 0.081004 0.061305
