0 0.189904 0.011084 0.017272 0.020032
0 0.136129 0.071848 0.016560 0.022970
0 0.181802 0.086538 0.009972 0.013889
0 0.204594 0.090678 0.014957 0.026976
0 0.219284 0.077858 0.010862 0.015224
0 0.196759 0.166667 0.016026 0.019231
0 0.233262 0.155582 0.011752 0.020032
0 0.150908 0.149439 0.027244 0.032853
0 0.158476 0.174813 0.017450 0.026442
0 0.259704 0.036325 0.012642 0.024573
0 0.224003 0.225160 0.020655 0.025641
0 0.153312 0.210871 0.009972 0.012019
0 0.233707 0.249733 0.010150 0.014957
0 0.166667 0.238248 0.017450 0.015491
0 0.209491 0.271501 0.012642 0.015224
0 0.254274 0.279514 0.025641 0.018964
0 0.135239 0.285123 0.020833 0.020032
0 0.255698 0.307425 0.022080 0.026709
0 0.225338 0.327724 0.008725 0.014423
0 0.177083 0.318510 0.016204 0.016293
0 0.158298 0.355502 0.021724 0.017094
0 0.194890 0.348291 0.010506 0.013355
0 0.233796 0.399706 0.017094 0.020032
0 0.211182 0.403446 0.014601 0.018429
0 0.187233 0.398237 0.014067 0.016026
0 0.151531 0.404514 0.017806 0.019498
0 0.125000 0.403846 0.018875 0.021368
0 0.122863 0.425881 0.016026 0.017895
0 0.013266 0.393830 0.026175 0.048878
0 0.005075 0.464076 0.009793 0.021100
0 0.060452 0.456597 0.009793 0.014690
0 0.213230 0.438835 0.016204 0.018162
0 0.209402 0.460069 0.018519 0.014690
0 0.219284 0.472356 0.012642 0.022703
0 0.148771 0.464476 0.018340 0.018162
0 0.138355 0.480502 0.014245 0.017628
0 0.206108 0.513221 0.012642 0.015224
0 0.084936 0.518162 0.013533 0.014423
0 0.063479 0.517762 0.019409 0.025908
0 0.012553 0.534188 0.009081 0.010684
0 0.012375 0.559428 0.007301 0.008280
0 0.046118 0.577457 0.014957 0.021368
0 0.070513 0.608440 0.016026 0.018697
0 0.013266 0.625801 0.008369 0.010684
0 0.023415 0.709535 0.013711 0.026442
0 0.094284 0.677484 0.015848 0.021635
0 0.050303 0.743056 0.019409 0.029380
0 0.094373 0.774973 0.010328 0.013088
0 0.060808 0.826790 0.021189 0.024306
0 0.013889 0.897703 0.016382 0.027244
0 0.026175 0.944578 0.016382 0.019498
0 0.082977 0.994925 0.007479 0.009615
0 0.206731 0.979567 0.011396 0.018429
0 0.252404 0.977698 0.013355 0.012019
0 0.219017 0.927217 0.016738 0.022169
0 0.240385 0.893029 0.018519 0.023771
0 0.195246 0.869391 0.045050 0.035256
0 0.206375 0.844818 0.007479 0.011752
0 0.163818 0.809428 0.029202 0.031250
0 0.261930 0.859909 0.008903 0.009882
0 0.250534 0.841613 0.019587 0.027244
0 0.205751 0.778579 0.013355 0.020833
0 0.141204 0.749332 0.041311 0.034989
0 0.205751 0.711538 0.007657 0.012286
0 0.251157 0.745326 0.011574 0.014690
0 0.251335 0.709802 0.010506 0.013088
0 0.192219 0.694444 0.030805 0.014423
0 0.217415 0.659455 0.015670 0.015491
0 0.262108 0.659856 0.008547 0.016293
0 0.149484 0.627404 0.010862 0.017628
0 0.182158 0.608841 0.019943 0.030716
0 0.216969 0.592415 0.008725 0.012286
0 0.273237 0.016159 0.020121 0.017895
0 0.275730 0.109776 0.015848 0.044872
0 0.270388 0.152511 0.022970 0.041667
0 0.273415 0.205929 0.011218 0.011752
0 0.288462 0.277911 0.009259 0.013622
0 0.283387 0.323451 0.012642 0.014957
0 0.269676 0.333600 0.018697 0.016560
0 0.282942 0.382078 0.021011 0.023237
0 0.277155 0.406517 0.009793 0.014423
0 0.277066 0.464476 0.016026 0.018697
0 0.262999 0.521635 0.025285 0.040064
0 0.295228 0.575588 0.021368 0.034722
0 0.296563 0.675481 0.018697 0.035791
0 0.272970 0.811565 0.009259 0.011485
0 0.284366 0.931891 0.008903 0.012286
0 0.287304 0.940705 0.011218 0.009615
0 0.315972 0.960337 0.007301 0.011485
0 0.329149 0.994124 0.008013 0.009081
0 0.347133 0.959802 0.004452 0.010417
0 0.360844 0.982238 0.014779 0.029647
0 0.357461 0.920540 0.006944 0.013088
0 0.349804 0.903045 0.011218 0.021902
0 0.335826 0.805288 0.012821 0.019765
0 0.324608 0.804888 0.007479 0.010951
0 0.342682 0.757479 0.017272 0.030449
0 0.347133 0.733307 0.010150 0.017895
0 0.366542 0.638088 0.009437 0.018697
0 0.371706 0.588141 0.007657 0.013355
0 0.354345 0.561298 0.022080 0.022169
0 0.368234 0.521100 0.012821 0.025107
0 0.373665 0.501603 0.010862 0.022970
0 0.383903 0.480369 0.012108 0.026976
0 0.312144 0.458200 0.018162 0.019498
0 0.299501 0.413194 0.021011 0.015491
0 0.338853 0.403980 0.022080 0.028045
0 0.375089 0.382479 0.009437 0.014423
0 0.330306 0.336405 0.024217 0.019498
0 0.388533 0.353766 0.031339 0.043536
0 0.376603 0.320913 0.014601 0.013622
0 0.378027 0.306624 0.009615 0.013889
0 0.341791 0.294872 0.011574 0.013889
0 0.375356 0.276709 0.036325 0.034188
0 0.325142 0.251603 0.020655 0.024573
0 0.344017 0.211538 0.012108 0.019231
0 0.341346 0.176816 0.019231 0.034188
0 0.391293 0.198851 0.037215 0.034455
0 0.415954 0.205262 0.012821 0.028579
0 0.418447 0.233040 0.016382 0.026442
0 0.360399 0.134215 0.008903 0.013088
0 0.346510 0.117254 0.022436 0.024038
0 0.388711 0.069578 0.016026 0.033387
0 0.350160 0.022837 0.024395 0.039263
0 0.383814 0.128339 0.010150 0.016827
0 0.444444 0.014290 0.022436 0.028045
0 0.451745 0.074386 0.025641 0.045139
0 0.421207 0.136084 0.034010 0.035524
0 0.466969 0.130743 0.009437 0.026976
0 0.488426 0.216079 0.023860 0.030983
0 0.444088 0.260951 0.024217 0.025107
0 0.409188 0.289396 0.008903 0.014156
0 0.434028 0.284856 0.011574 0.014690
0 0.417201 0.316506 0.009615 0.010684
0 0.474893 0.331864 0.009972 0.013088
0 0.490207 0.338408 0.009615 0.013889
0 0.478098 0.347356 0.012821 0.009348
0 0.440705 0.376870 0.016026 0.014423
0 0.491364 0.369124 0.026887 0.033120
0 0.439103 0.409989 0.017450 0.018697
0 0.437233 0.423344 0.015848 0.014957
0 0.459669 0.462473 0.011218 0.017895
0 0.476763 0.454861 0.011930 0.027778
0 0.442753 0.468216 0.012642 0.024573
0 0.487625 0.466747 0.008013 0.013088
0 0.489850 0.405849 0.030627 0.045673
0 0.410256 0.518830 0.011040 0.019498
0 0.464031 0.548210 0.009259 0.029113
0 0.489850 0.519364 0.017450 0.030716
0 0.466880 0.598558 0.008191 0.016560
0 0.451478 0.667468 0.018340 0.020299
0 0.467325 0.661458 0.008725 0.009348
0 0.418091 0.656116 0.006410 0.018429
0 0.377760 0.704060 0.009437 0.018697
0 0.374288 0.795940 0.012464 0.022436
0 0.430645 0.767094 0.015848 0.022970
0 0.434295 0.802484 0.019231 0.032853
0 0.444177 0.817308 0.006588 0.013355
0 0.382301 0.896768 0.019231 0.029647
0 0.467415 0.906651 0.014601 0.026442
0 0.473202 0.976763 0.008725 0.016560
0 0.490919 0.975694 0.015670 0.034188
0 0.488515 0.936966 0.006944 0.013889
0 0.517005 0.948985 0.022970 0.049679
0 0.491275 0.874332 0.034188 0.076656
0 0.528757 0.834268 0.017272 0.036058
0 0.487536 0.772035 0.018162 0.043002
0 0.534188 0.776709 0.015670 0.027244
0 0.551371 0.769631 0.014779 0.024840
0 0.493056 0.715144 0.011396 0.023237
0 0.481838 0.702057 0.017450 0.025908
0 0.528935 0.706731 0.017984 0.031517
0 0.498754 0.661058 0.016026 0.028846
0 0.541489 0.625134 0.010328 0.024840
0 0.557514 0.612447 0.010684 0.024038
0 0.539975 0.588275 0.014067 0.023237
0 0.536147 0.555556 0.018519 0.030449
0 0.515937 0.526309 0.018697 0.035524
0 0.536058 0.518830 0.008013 0.010951
0 0.560274 0.526042 0.009437 0.025374
0 0.582621 0.569177 0.017094 0.019231
0 0.530360 0.430422 0.012286 0.017361
0 0.535345 0.336405 0.008013 0.013088
0 0.566863 0.321314 0.016560 0.028312
0 0.580573 0.276843 0.008369 0.010417
1 0.554398 0.337740 0.020121 0.031784
0 0.557158 0.258146 0.039530 0.031784
0 0.546385 0.221822 0.015135 0.023237
0 0.545228 0.184161 0.015670 0.027511
0 0.522703 0.142628 0.016916 0.028846
0 0.569088 0.149172 0.007123 0.013088
0 0.571047 0.117388 0.007835 0.023237
0 0.501692 0.067441 0.020833 0.030716
0 0.555199 0.021368 0.019587 0.030983
0 0.579950 0.024706 0.010684 0.023771
0 0.581820 0.053419 0.012286 0.026175
0 0.600516 0.094284 0.007657 0.013355
0 0.596332 0.136084 0.015670 0.030716
0 0.613159 0.146234 0.019765 0.031250
0 0.651353 0.120192 0.007123 0.012821
0 0.640937 0.013221 0.021189 0.025908
0 0.652600 0.150908 0.011752 0.012821
0 0.612714 0.232906 0.022792 0.049679
0 0.647436 0.229701 0.015313 0.029380
0 0.657318 0.318109 0.006588 0.017094
0 0.663462 0.382746 0.014601 0.020833
0 0.640937 0.413595 0.014067 0.024840
1 0.621261 0.405582 0.016026 0.028045
0 0.640224 0.448584 0.007657 0.017895
0 0.649127 0.468750 0.008013 0.014957
0 0.627671 0.498665 0.012821 0.026175
0 0.647614 0.504808 0.008903 0.016026
0 0.625534 0.535390 0.012821 0.025374
0 0.676460 0.563435 0.007835 0.014690
0 0.691506 0.513355 0.020121 0.039530
0 0.706642 0.545406 0.011218 0.016026
0 0.600249 0.606971 0.028846 0.041400
0 0.654647 0.595219 0.009081 0.014156
0 0.675392 0.599760 0.016738 0.030182
0 0.578170 0.639423 0.009259 0.011218
0 0.588586 0.659322 0.008013 0.010417
0 0.610132 0.662660 0.011574 0.028846
0 0.641827 0.648104 0.010150 0.013622
0 0.639779 0.681891 0.013889 0.036859
0 0.586093 0.690304 0.016204 0.030182
0 0.573540 0.714343 0.026709 0.052618
0 0.564014 0.766159 0.007657 0.013088
0 0.626514 0.737179 0.016916 0.032585
0 0.650463 0.736111 0.009259 0.012286
0 0.663640 0.754674 0.010328 0.014156
0 0.640759 0.789931 0.009793 0.010951
0 0.628205 0.809295 0.017094 0.028846
0 0.602386 0.807692 0.014245 0.026709
0 0.579950 0.844418 0.009615 0.017361
0 0.654380 0.843750 0.009259 0.013889
0 0.668091 0.863649 0.018519 0.022703
0 0.618590 0.897302 0.018519 0.028579
0 0.589744 0.899038 0.016738 0.026709
0 0.565349 0.936298 0.008903 0.015224
0 0.562945 0.974760 0.015491 0.031784
0 0.668269 0.969151 0.014957 0.020566
0 0.683583 0.915598 0.019231 0.024038
0 0.706642 0.949920 0.008725 0.022169
0 0.750890 0.991052 0.011040 0.017895
0 0.749021 0.967815 0.007657 0.012019
0 0.733440 0.910791 0.007123 0.023504
0 0.727208 0.909054 0.005698 0.022703
0 0.733173 0.938435 0.008013 0.024840
0 0.784099 0.974493 0.004808 0.009882
0 0.758369 0.890892 0.004986 0.009882
0 0.766026 0.924412 0.006410 0.013889
0 0.772436 0.935897 0.008191 0.023504
0 0.771011 0.887687 0.006766 0.013088
0 0.731571 0.887821 0.009081 0.016560
0 0.782318 0.859776 0.009793 0.022436
0 0.726140 0.836004 0.006410 0.016026
0 0.754363 0.793803 0.023326 0.039530
0 0.732372 0.770967 0.011040 0.031250
0 0.726140 0.718616 0.007835 0.028045
0 0.708957 0.681090 0.008725 0.015491
0 0.776976 0.741319 0.012642 0.021635
0 0.783565 0.747596 0.007301 0.017628
0 0.745103 0.711138 0.013711 0.035524
0 0.792379 0.716747 0.007479 0.014690
0 0.800926 0.689770 0.007835 0.017361
0 0.781072 0.675080 0.005520 0.008814
0 0.774573 0.665598 0.009259 0.013889
0 0.770210 0.657051 0.006588 0.008547
0 0.727653 0.647035 0.010506 0.025908
0 0.759170 0.621795 0.009081 0.011752
0 0.743679 0.626469 0.016916 0.052083
0 0.789708 0.644899 0.006766 0.014156
0 0.722667 0.582933 0.006588 0.018429
0 0.734420 0.585069 0.005164 0.010951
0 0.728454 0.576790 0.004986 0.010417
0 0.726229 0.561565 0.010862 0.024840
0 0.798433 0.614049 0.008903 0.013355
0 0.791222 0.604567 0.008013 0.018964
0 0.766916 0.585737 0.005698 0.012286
0 0.765491 0.561966 0.006054 0.013355
0 0.774840 0.554888 0.006588 0.015224
0 0.773860 0.531784 0.007835 0.016026
0 0.737447 0.525240 0.010862 0.023237
0 0.726140 0.499466 0.009259 0.022970
0 0.804665 0.536191 0.007479 0.017895
0 0.819979 0.540064 0.009615 0.014423
0 0.783298 0.523638 0.009972 0.020566
0 0.773059 0.507746 0.008369 0.015491
0 0.763444 0.514957 0.005164 0.011752
0 0.754363 0.505876 0.008369 0.011752
0 0.753650 0.482772 0.008013 0.013088
0 0.740474 0.465545 0.017272 0.029380
0 0.725338 0.452057 0.008013 0.034455
0 0.792023 0.471421 0.006766 0.008013
0 0.801193 0.463675 0.008369 0.014423
0 0.780093 0.453526 0.010328 0.019765
0 0.765313 0.456063 0.012464 0.035524
0 0.701923 0.386752 0.012464 0.022970
0 0.733885 0.406384 0.011930 0.025908
0 0.720353 0.431090 0.005520 0.014423
0 0.719106 0.360310 0.010506 0.025107
0 0.721421 0.335604 0.006944 0.031250
0 0.703704 0.319177 0.024573 0.035791
0 0.787571 0.401709 0.010328 0.020833
0 0.810808 0.433894 0.008725 0.015759
0 0.781784 0.370860 0.006588 0.009882
0 0.746706 0.344418 0.010862 0.021100
0 0.714566 0.270299 0.007835 0.017094
0 0.716257 0.241720 0.006588 0.020299
0 0.716346 0.221287 0.007479 0.018429
0 0.695157 0.185363 0.018875 0.042201
0 0.692219 0.122463 0.015848 0.031784
0 0.716257 0.171741 0.005520 0.019231
0 0.716969 0.155315 0.005164 0.009882
0 0.714833 0.109241 0.010506 0.025641
0 0.683583 0.075053 0.005698 0.010150
0 0.744925 0.299412 0.009437 0.017628
0 0.748130 0.321448 0.012642 0.023771
0 0.792290 0.279113 0.010150 0.015491
0 0.805734 0.316506 0.012821 0.020833
0 0.846065 0.200988 0.014779 0.029113
0 0.971955 0.231571 0.020833 0.035256
0 0.892361 0.424813 0.024395 0.061165
0 0.833422 0.358707 0.008369 0.016026
0 0.841168 0.415064 0.013889 0.019231
0 0.822115 0.473958 0.010328 0.021635
0 0.843394 0.574653 0.005520 0.009882
0 0.863337 0.592682 0.013711 0.024573
0 0.828259 0.507479 0.004095 0.008547
0 0.818821 0.627404 0.006944 0.011752
0 0.830840 0.636752 0.006054 0.009615
0 0.831820 0.688034 0.011930 0.018697
0 0.862001 0.720887 0.011396 0.025107
0 0.975427 0.754808 0.049145 0.083868
0 0.878027 0.767094 0.012464 0.017094
0 0.860310 0.785657 0.006588 0.011485
0 0.856214 0.826790 0.009437 0.016293
0 0.870370 0.849092 0.009615 0.016560
0 0.896457 0.813568 0.005876 0.007479
0 0.921920 0.868857 0.013711 0.030449
0 0.853365 0.867254 0.010506 0.012821
0 0.814815 0.755475 0.010684 0.017895
0 0.816506 0.782185 0.010506 0.017895
0 0.806802 0.786058 0.009259 0.021902
0 0.799323 0.840011 0.010328 0.023504
0 0.794249 0.856838 0.005520 0.009615
0 0.814281 0.846822 0.006410 0.012019
0 0.805645 0.875801 0.005520 0.009081
0 0.807069 0.901976 0.012286 0.018162
0 0.823896 0.931757 0.016026 0.029647
0 0.813925 0.938835 0.005698 0.010684
0 0.809473 0.952991 0.009259 0.011752
0 0.837518 0.983707 0.009437 0.020299
0 0.862447 0.958066 0.010862 0.030449
0 0.880075 0.981170 0.006588 0.009348
0 0.899484 0.936165 0.011930 0.023504
0 0.895210 0.881677 0.005876 0.010150
0 0.934028 0.917735 0.017984 0.043803
0 0.975160 0.755342 0.049679 0.083333
0 0.973291 0.971955 0.037393 0.056090
0 0.915865 0.959669 0.008013 0.014957
0 0.911503 0.996795 0.005698 0.006410
0 0.849270 0.013221 0.022970 0.025908
