0 0.023524 0.159766 0.046701 0.070573
0 0.162066 0.334245 0.067882 0.084115
0 0.144010 0.533073 0.061632 0.112500
0 0.095486 0.707812 0.070139 0.061458
0 0.284115 0.844401 0.056076 0.076823
0 0.441059 0.776953 0.062326 0.114844
0 0.630035 0.868229 0.066319 0.143229
0 0.337674 0.549089 0.060764 0.146615
0 0.516059 0.376823 0.038715 0.107813
0 0.339323 0.126953 0.105035 0.140885
0 0.607639 0.094010 0.101736 0.187500
0 0.731944 0.583984 0.063194 0.093490
0 0.946962 0.688151 0.067187 0.072135
0 0.898785 0.327604 0.089236 0.170833
