0 0.019241 0.153549 0.037965 0.078704
0 0.037836 0.407600 0.034866 0.065201
0 0.094137 0.982253 0.081870 0.035494
0 0.162448 0.646798 0.038740 0.056713
0 0.098657 0.639082 0.027376 0.045910
0 0.107567 0.552083 0.030733 0.040895
0 0.113249 0.458719 0.040548 0.061728
0 0.120610 0.367863 0.050103 0.069830
0 0.241219 0.392361 0.021694 0.032407
0 0.263430 0.062693 0.050103 0.048225
0 0.372288 0.043596 0.033833 0.057870
0 0.372805 0.123071 0.023502 0.040895
0 0.464360 0.072338 0.025826 0.069830
0 0.506844 0.025463 0.029700 0.050154
0 0.466426 0.305556 0.047521 0.068673
0 0.419551 0.373264 0.044163 0.078318
0 0.365057 0.538966 0.022469 0.043210
0 0.491865 0.897569 0.033833 0.063657
0 0.616477 0.828897 0.044421 0.073688
0 0.575801 0.743441 0.045196 0.107253
0 0.594267 0.666667 0.027376 0.057870
0 0.814308 0.787423 0.134814 0.253086
0 0.952092 0.098187 0.095816 0.194059
0 0.636751 0.365934 0.039514 0.037423
0 0.669809 0.311728 0.037965 0.068673
0 0.706095 0.181327 0.029959 0.047068
0 0.704029 0.053819 0.021178 0.037423
0 0.721204 0.024306 0.024535 0.047840
0 0.591038 0.121142 0.032283 0.047068
0 0.629649 0.017168 0.027893 0.033565
0 0.596204 0.008102 0.020403 0.015432
0 0.551524 0.112269 0.033833 0.057870
