0 0.081333 0.398625 0.037333 0.048750
0 0.071750 0.763000 0.027833 0.039500
0 0.026500 0.835000 0.035667 0.047500
0 0.023833 0.900500 0.033333 0.047500
0 0.315083 0.837500 0.031833 0.059500
0 0.310667 0.952375 0.032667 0.070250
0 0.262667 0.952250 0.025333 0.041500
0 0.359500 0.701125 0.027000 0.072750
1 0.230917 0.307000 0.042833 0.077500
0 0.251167 0.484375 0.029333 0.060750
0 0.313833 0.383750 0.043667 0.069000
0 0.288500 0.288000 0.031000 0.063000
0 0.359083 0.343875 0.048500 0.060750
0 0.215833 0.108875 0.031667 0.066750
0 0.266583 0.056500 0.036500 0.081000
0 0.349167 0.078500 0.033333 0.072500
0 0.440417 0.127250 0.034833 0.063000
0 0.472917 0.055875 0.023833 0.048750
0 0.471417 0.371375 0.049167 0.072750
0 0.517417 0.514750 0.042833 0.071500
0 0.406333 0.648625 0.028667 0.048750
0 0.579333 0.689250 0.054000 0.094000
0 0.621333 0.372500 0.033333 0.072500
0 0.648333 0.220125 0.052333 0.086750
0 0.628250 0.027500 0.037167 0.053000
0 0.835750 0.220125 0.076167 0.096250
0 0.763833 0.464750 0.064333 0.100000
0 0.827333 0.555250 0.075333 0.102500
0 0.944750 0.427250 0.059500 0.106000
0 0.937667 0.933750 0.066000 0.090500
0 0.816250 0.968750 0.046833 0.062500
