0 0.014500 0.139375 0.028667 0.059250
0 0.190250 0.155125 0.030833 0.051750
0 0.159167 0.218375 0.025667 0.040250
0 0.126833 0.265250 0.035000 0.061000
0 0.057500 0.354875 0.027333 0.039250
0 0.149583 0.437500 0.039167 0.059000
0 0.014333 0.562875 0.028333 0.076750
0 0.127000 0.688125 0.093000 0.232250
0 0.225583 0.876875 0.038167 0.068250
0 0.090417 0.953250 0.036167 0.066500
0 0.228250 0.662750 0.024833 0.050000
0 0.258000 0.460375 0.076000 0.170750
0 0.265667 0.279625 0.033000 0.059250
0 0.315250 0.260625 0.088167 0.120250
0 0.378833 0.297250 0.035000 0.059000
0 0.403917 0.217625 0.024833 0.040250
0 0.340417 0.064875 0.026500 0.048250
0 0.401833 0.109125 0.022333 0.042750
1 0.420333 0.070500 0.022667 0.044500
1 0.363250 0.388750 0.024833 0.053000
1 0.357750 0.510625 0.037500 0.054250
1 0.443833 0.376500 0.020333 0.039500
1 0.423417 0.508875 0.027167 0.045750
1 0.312167 0.603375 0.022667 0.038250
1 0.310333 0.746875 0.031333 0.042750
1 0.389667 0.679250 0.026333 0.045000
1 0.434750 0.642125 0.028833 0.045250
1 0.455917 0.758250 0.025500 0.049500
1 0.339250 0.923750 0.028833 0.045000
1 0.391500 0.973750 0.026000 0.044000
1 0.463167 0.941750 0.025667 0.043500
1 0.389583 0.822000 0.030500 0.041500
1 0.529833 0.973750 0.025667 0.052500
1 0.656250 0.976500 0.027500 0.047000
1 0.602583 0.889250 0.030500 0.064000
1 0.702833 0.920750 0.023667 0.038000
1 0.579250 0.740875 0.025167 0.052250
1 0.730083 0.794125 0.028500 0.051750
0 0.723167 0.724625 0.021000 0.040750
0 0.758500 0.682875 0.020333 0.040250
0 0.647417 0.665875 0.028833 0.046250
0 0.677167 0.552125 0.020333 0.042250
0 0.733917 0.560625 0.025500 0.043250
0 0.742500 0.475625 0.020000 0.037750
0 0.676833 0.410375 0.020333 0.047750
0 0.709500 0.379875 0.025667 0.047750
0 0.633750 0.380500 0.021167 0.049000
0 0.574833 0.357250 0.029333 0.050000
0 0.496917 0.134500 0.032167 0.050500
0 0.546583 0.055750 0.026500 0.049500
0 0.589000 0.221250 0.022000 0.039000
0 0.695333 0.269500 0.022333 0.046500
0 0.613000 0.082625 0.018667 0.039750
0 0.744583 0.235000 0.023167 0.042000
0 0.680250 0.109250 0.021500 0.039000
0 0.703583 0.037750 0.019500 0.035500
