0 0.135375 0.059000 0.062250 0.047667
0 0.230000 0.056167 0.024500 0.019000
0 0.310625 0.134750 0.024250 0.018167
0 0.296750 0.191167 0.025000 0.018667
0 0.339625 0.235917 0.032250 0.027167
0 0.318125 0.284750 0.030750 0.023833
1 0.271375 0.281500 0.037250 0.040000
0 0.260250 0.396417 0.035000 0.031833
0 0.178500 0.380000 0.058500 0.075333
0 0.217875 0.466417 0.034250 0.030833
0 0.135000 0.456167 0.104500 0.086667
0 0.128500 0.547833 0.041500 0.034667
0 0.079625 0.561917 0.036250 0.031500
0 0.051500 0.570250 0.030000 0.025167
0 0.219625 0.556167 0.032250 0.027667
0 0.275375 0.566667 0.029250 0.027667
0 0.336000 0.617083 0.033500 0.036167
0 0.388125 0.644833 0.020750 0.026667
1 0.493875 0.600250 0.042250 0.031833
0 0.452125 0.654500 0.042750 0.028000
0 0.519625 0.705000 0.027750 0.024333
0 0.390375 0.713583 0.032250 0.026167
0 0.321875 0.742167 0.080750 0.075667
0 0.372500 0.762167 0.038000 0.035667
0 0.282125 0.756167 0.042750 0.041000
0 0.218250 0.677167 0.032000 0.032333
0 0.193125 0.718333 0.030750 0.023333
0 0.075375 0.668833 0.040750 0.037667
0 0.172875 0.748333 0.041250 0.033667
0 0.119625 0.805000 0.037750 0.027000
0 0.282125 0.869500 0.078750 0.105667
0 0.198250 0.855417 0.045000 0.033833
0 0.360750 0.900500 0.043000 0.035333
0 0.412500 0.897333 0.033500 0.030000
0 0.362125 0.822583 0.034250 0.028167
0 0.095000 0.936667 0.045500 0.045667
0 0.182375 0.970500 0.075250 0.059000
0 0.265375 0.991417 0.032250 0.017167
0 0.326000 0.959083 0.026500 0.023833
0 0.424375 0.978833 0.035750 0.030000
0 0.472750 0.873333 0.030000 0.029667
0 0.426750 0.811917 0.033500 0.025833
0 0.587125 0.988583 0.034250 0.022833
0 0.676750 0.991667 0.026500 0.016667
0 0.654000 0.922583 0.033500 0.026167
0 0.605375 0.916667 0.027750 0.028667
0 0.512125 0.849250 0.027250 0.031833
0 0.650000 0.865500 0.023000 0.023333
0 0.599000 0.825750 0.025000 0.029500
0 0.567125 0.808833 0.027250 0.028000
0 0.626125 0.805167 0.040750 0.026667
0 0.666125 0.715750 0.032250 0.031500
0 0.501750 0.529083 0.036500 0.029500
0 0.535250 0.523583 0.025000 0.021500
0 0.597500 0.544500 0.035000 0.025333
0 0.541375 0.453333 0.037250 0.024667
0 0.604625 0.508333 0.026250 0.019667
0 0.718625 0.525000 0.027250 0.019667
0 0.791125 0.529750 0.017750 0.015833
0 0.760000 0.444750 0.024500 0.020833
0 0.722500 0.419500 0.023500 0.022000
0 0.792500 0.434083 0.018000 0.020500
0 0.698875 0.357167 0.020750 0.014333
0 0.736125 0.350917 0.020750 0.021833
0 0.770000 0.379250 0.021500 0.025167
0 0.791375 0.375250 0.017250 0.019167
0 0.783625 0.345250 0.024250 0.024833
0 0.752125 0.317333 0.024250 0.023333
0 0.798125 0.315667 0.019250 0.019000
0 0.761125 0.261417 0.019250 0.012500
0 0.704375 0.230500 0.024250 0.026667
0 0.735375 0.203833 0.023750 0.028667
