0 0.085262 0.010706 0.008488 0.012731
0 0.103588 0.023872 0.009645 0.017072
0 0.122203 0.005642 0.005980 0.010706
0 0.145448 0.073785 0.009259 0.019097
0 0.137635 0.086227 0.007137 0.010995
0 0.171682 0.009259 0.009259 0.016782
0 0.172647 0.042969 0.007330 0.010706
0 0.187596 0.055990 0.005980 0.009549
0 0.180459 0.063513 0.008681 0.010706
0 0.172743 0.073785 0.006752 0.012731
0 0.092978 0.105179 0.005787 0.013600
0 0.144869 0.141204 0.005787 0.010417
0 0.109664 0.122830 0.014853 0.022280
0 0.119406 0.144965 0.011960 0.032986
0 0.161941 0.124132 0.010610 0.018519
0 0.186632 0.120804 0.006366 0.013600
0 0.200039 0.132378 0.004630 0.014757
0 0.178723 0.165943 0.007909 0.011285
0 0.169657 0.179977 0.005594 0.011574
0 0.187404 0.189236 0.010995 0.012731
0 0.200617 0.201100 0.007330 0.012731
0 0.091435 0.196615 0.015432 0.014178
0 0.177758 0.218750 0.006366 0.016204
0 0.192901 0.228299 0.008102 0.013889
0 0.169174 0.228009 0.009259 0.017940
0 0.193191 0.259549 0.008681 0.024306
0 0.208816 0.274740 0.006752 0.010127
0 0.107928 0.239873 0.006752 0.017940
0 0.159722 0.276765 0.007330 0.016493
0 0.133777 0.276042 0.007909 0.013889
0 0.177855 0.287760 0.010417 0.021701
0 0.191647 0.333044 0.007137 0.020255
0 0.159722 0.309751 0.008102 0.016493
0 0.124614 0.327691 0.014660 0.031539
0 0.141204 0.336516 0.011188 0.021991
0 0.160108 0.346209 0.009259 0.016493
0 0.176119 0.358796 0.007330 0.012731
0 0.208140 0.344763 0.004630 0.008970
0 0.215664 0.298466 0.008102 0.033275
0 0.220679 0.332465 0.006559 0.024884
0 0.107832 0.386574 0.015818 0.024306
0 0.151331 0.393229 0.008295 0.016204
0 0.168499 0.406973 0.009452 0.021701
0 0.159047 0.418692 0.009838 0.016204
0 0.150463 0.438223 0.007330 0.015336
0 0.114198 0.451678 0.010802 0.019676
0 0.104456 0.468461 0.010224 0.023148
0 0.140046 0.488571 0.005015 0.010706
0 0.167438 0.487124 0.007716 0.011863
0 0.123650 0.513021 0.011188 0.019097
0 0.105228 0.538194 0.009452 0.016204
0 0.106385 0.574942 0.010610 0.018519
0 0.113137 0.563079 0.006366 0.010417
0 0.122396 0.586661 0.009452 0.013600
0 0.087288 0.601418 0.007523 0.012442
0 0.097415 0.625289 0.012346 0.021412
0 0.096547 0.668258 0.009066 0.015336
0 0.077932 0.696325 0.005401 0.009549
0 0.105806 0.691696 0.010224 0.019965
0 0.114487 0.678530 0.010995 0.024884
0 0.113812 0.715712 0.012731 0.020544
0 0.078511 0.774016 0.008102 0.011574
0 0.078414 0.813223 0.008295 0.015336
0 0.106481 0.807581 0.008102 0.015625
0 0.116127 0.796586 0.014275 0.059606
0 0.097029 0.862269 0.006944 0.010995
0 0.078318 0.896412 0.007330 0.014468
0 0.096451 0.903212 0.006173 0.011285
0 0.097415 0.938079 0.006559 0.010995
0 0.086613 0.960503 0.014660 0.044850
0 0.114390 0.991175 0.007330 0.013600
0 0.157215 0.990885 0.015432 0.018229
0 0.159047 0.952546 0.015239 0.026042
0 0.143036 0.943287 0.012539 0.049190
0 0.132620 0.918692 0.008295 0.011574
0 0.122396 0.892650 0.007909 0.022569
0 0.157793 0.910012 0.014275 0.021412
0 0.166763 0.897714 0.006752 0.012442
0 0.133488 0.880787 0.013889 0.046296
0 0.158083 0.873264 0.009066 0.018519
0 0.131269 0.839988 0.008681 0.020255
0 0.157793 0.835938 0.006944 0.015625
0 0.183063 0.832176 0.007330 0.013310
0 0.191647 0.817274 0.005208 0.010706
0 0.132041 0.763600 0.009838 0.023148
0 0.149113 0.737124 0.005787 0.013021
0 0.157118 0.763310 0.008295 0.016782
0 0.190972 0.778935 0.010417 0.023148
0 0.200617 0.764323 0.011574 0.019965
0 0.131269 0.690249 0.009838 0.019387
0 0.184317 0.676215 0.010610 0.019097
0 0.157215 0.648727 0.012346 0.023148
0 0.141107 0.634115 0.007137 0.011285
0 0.207562 0.634549 0.009259 0.017361
0 0.185667 0.605613 0.015625 0.031250
0 0.157986 0.569300 0.008873 0.012442
0 0.183835 0.567708 0.010031 0.017361
0 0.166377 0.557002 0.008295 0.012153
0 0.157697 0.538050 0.014082 0.021123
0 0.192515 0.553096 0.010031 0.017072
0 0.199267 0.541233 0.007330 0.012442
0 0.184992 0.533565 0.007330 0.019097
0 0.176215 0.509983 0.007909 0.010706
0 0.184992 0.498119 0.016590 0.028067
0 0.191358 0.483507 0.006559 0.010417
0 0.191840 0.440972 0.007137 0.012731
0 0.185378 0.419994 0.006173 0.013021
0 0.200328 0.393808 0.006366 0.008681
0 0.209105 0.413628 0.007330 0.015914
0 0.210262 0.451389 0.011574 0.016204
0 0.225887 0.463831 0.007716 0.021991
0 0.233410 0.450231 0.010802 0.018519
0 0.241512 0.414641 0.013117 0.038194
0 0.225887 0.244358 0.011574 0.015914
0 0.254437 0.239149 0.015432 0.036169
0 0.214410 0.165654 0.017554 0.033854
0 0.263021 0.104167 0.010995 0.037616
0 0.210552 0.034433 0.029128 0.026620
0 0.183738 0.006366 0.013696 0.012153
0 0.284529 0.039786 0.020448 0.025752
0 0.301312 0.117766 0.009259 0.024884
0 0.334491 0.054832 0.016590 0.029803
0 0.355710 0.015046 0.015818 0.029514
0 0.383488 0.017216 0.011960 0.019387
0 0.354649 0.077980 0.015239 0.021701
0 0.381366 0.153646 0.027778 0.045139
0 0.342014 0.213831 0.018904 0.028935
0 0.327257 0.325376 0.024113 0.038484
0 0.280093 0.394531 0.012731 0.016493
0 0.309799 0.410012 0.011574 0.015046
0 0.317515 0.521267 0.011960 0.017072
0 0.286458 0.605324 0.010417 0.017940
0 0.224633 0.504340 0.008295 0.010995
0 0.249228 0.538484 0.008488 0.014468
0 0.249421 0.574363 0.007330 0.013310
0 0.258873 0.561632 0.009259 0.025463
0 0.242477 0.589120 0.008102 0.020833
0 0.265625 0.585503 0.008873 0.013600
0 0.241512 0.621962 0.006173 0.013021
0 0.257812 0.633391 0.007909 0.017940
0 0.225116 0.684896 0.009259 0.019097
0 0.266107 0.656105 0.006752 0.014178
0 0.300058 0.642506 0.012924 0.019965
0 0.341049 0.566840 0.064815 0.105903
0 0.258584 0.705584 0.011381 0.020544
0 0.272666 0.715567 0.006366 0.013889
0 0.258488 0.746962 0.008102 0.010127
0 0.249807 0.761285 0.007330 0.011574
0 0.270448 0.756800 0.006173 0.017072
0 0.259356 0.782986 0.015239 0.029514
0 0.251061 0.832755 0.012924 0.021412
0 0.314911 0.754340 0.020255 0.041088
0 0.344425 0.751447 0.017940 0.021991
0 0.363040 0.709635 0.023148 0.041377
0 0.404514 0.671296 0.021605 0.053241
0 0.224441 0.870226 0.012539 0.025174
0 0.269097 0.832755 0.006559 0.027778
0 0.265046 0.804253 0.008102 0.014178
0 0.242959 0.883247 0.012153 0.022280
0 0.263600 0.890336 0.009838 0.020255
0 0.208719 0.936343 0.008873 0.019097
0 0.216146 0.961806 0.005208 0.013310
0 0.274498 0.967882 0.007716 0.017940
0 0.262346 0.986111 0.009645 0.021991
0 0.285976 0.993345 0.007137 0.012731
0 0.391011 0.954427 0.009259 0.014757
0 0.349730 0.853733 0.030478 0.028646
0 0.366319 0.820312 0.020833 0.030671
0 0.454186 0.996238 0.014082 0.007523
0 0.498650 0.971065 0.010417 0.017361
0 0.511960 0.941840 0.019290 0.054398
0 0.447338 0.893374 0.030864 0.057002
0 0.538870 0.880353 0.013310 0.019387
0 0.447531 0.700810 0.011960 0.014468
0 0.456211 0.613426 0.011574 0.015625
0 0.393711 0.530527 0.016975 0.025752
0 0.424576 0.521701 0.013503 0.030093
0 0.416281 0.383536 0.016204 0.025174
0 0.493827 0.401476 0.020062 0.040220
0 0.501929 0.349826 0.015818 0.052662
0 0.488715 0.323640 0.018326 0.040220
0 0.433256 0.184172 0.015046 0.019387
0 0.450617 0.183883 0.015432 0.025752
0 0.485725 0.224392 0.048225 0.130498
0 0.501447 0.157552 0.016397 0.059317
0 0.441069 0.146412 0.015625 0.026042
0 0.486304 0.089265 0.018904 0.071470
0 0.502218 0.065538 0.013310 0.044850
0 0.472704 0.020833 0.016397 0.041088
0 0.522087 0.209780 0.011381 0.041088
0 0.542921 0.276042 0.045332 0.230903
0 0.531443 0.429832 0.037809 0.173900
0 0.549383 0.473524 0.016590 0.052373
0 0.573592 0.475260 0.019097 0.075521
0 0.560571 0.517940 0.022762 0.063079
0 0.532118 0.508970 0.008681 0.019097
0 0.581308 0.554688 0.008681 0.028356
0 0.564236 0.606337 0.023534 0.063368
0 0.574556 0.714120 0.008295 0.016782
0 0.559510 0.674769 0.026813 0.087963
0 0.562018 0.793837 0.008681 0.012442
0 0.542921 0.691551 0.014082 0.029514
0 0.554012 0.796875 0.016975 0.093750
0 0.551987 0.826100 0.007523 0.021412
0 0.588735 0.883536 0.021605 0.102720
0 0.605613 0.873553 0.016397 0.039931
0 0.591146 0.989728 0.006752 0.020544
0 0.579668 0.963976 0.017747 0.071470
0 0.616127 0.948929 0.021605 0.102141
0 0.646026 0.791088 0.045910 0.091435
0 0.624325 0.641493 0.046489 0.094907
0 0.696663 0.447338 0.082755 0.119792
0 0.648920 0.219329 0.062886 0.059606
0 0.730999 0.211806 0.023727 0.034144
0 0.612461 0.138166 0.094136 0.226562
0 0.711613 0.097367 0.105324 0.194155
0 0.789545 0.071470 0.018519 0.024306
0 0.817998 0.093171 0.022955 0.033565
0 0.834298 0.198929 0.032407 0.046586
0 0.801794 0.239873 0.014853 0.019097
0 0.887731 0.299913 0.022762 0.025752
0 0.980710 0.152633 0.038580 0.051215
0 0.862944 0.045284 0.096644 0.089988
0 0.970004 0.291956 0.059992 0.119213
0 0.968557 0.265480 0.027006 0.034433
0 0.832369 0.436198 0.038966 0.028646
0 0.941165 0.461372 0.018133 0.016493
0 0.880883 0.527633 0.035687 0.033275
0 0.880305 0.531973 0.107446 0.131655
0 0.994502 0.590278 0.010995 0.027199
0 0.993056 0.661748 0.013889 0.067708
0 0.978106 0.688079 0.017168 0.033565
0 0.855710 0.691840 0.011188 0.030093
0 0.910301 0.767506 0.019676 0.028067
0 0.912423 0.743490 0.138117 0.179688
0 0.974248 0.805411 0.017940 0.036748
0 0.841242 0.650029 0.009645 0.013600
0 0.766493 0.856916 0.016011 0.026910
0 0.810378 0.877170 0.013503 0.031539
0 0.848187 0.910590 0.097222 0.175926
0 0.924769 0.977286 0.009259 0.013021
0 0.961516 0.955729 0.024113 0.035301
0 0.990066 0.890625 0.019869 0.030093
0 0.844618 0.962963 0.026042 0.035880
