0 0.126886 0.088584 0.060362 0.092881
0 0.170838 0.235168 0.066273 0.129501
0 0.220322 0.270663 0.044517 0.074877
0 0.205672 0.103519 0.036846 0.049100
0 0.243335 0.077741 0.035211 0.049100
0 0.359532 0.122647 0.113179 0.136457
0 0.389713 0.044394 0.118209 0.088380
0 0.537475 0.096870 0.172284 0.193331
0 0.444542 0.340937 0.070423 0.188421
0 0.292002 0.274755 0.075453 0.137889
0 0.248365 0.194967 0.020121 0.032733
0 0.377515 0.381137 0.036972 0.050327
0 0.533073 0.505421 0.032696 0.050532
0 0.609281 0.484349 0.067907 0.084493
0 0.683916 0.502762 0.076333 0.083265
0 0.698189 0.447525 0.044517 0.043576
0 0.686431 0.847177 0.029301 0.032733
0 0.835702 0.697013 0.026031 0.040917
0 0.776157 0.506751 0.034457 0.053191
0 0.943851 0.353110 0.076333 0.114566
0 0.764022 0.452128 0.092178 0.157119
1 0.608903 0.292451 0.085513 0.148732
1 0.539298 0.242737 0.063758 0.109043
0 0.730068 0.222279 0.089663 0.193740
0 0.781250 0.058715 0.170397 0.117021
